9.81
9.81
9.81
9.81
9.81
9.81
9.81
9.81
9.81
9.80999
9.80999
9.80999
9.80999
9.80999
9.80999
9.80998
9.80998
9.80998
9.80998
9.80997
9.80997
9.80997
9.80997
9.80996
9.80996
9.80996
9.80995
9.80995
9.80994
9.80994
9.80993
9.80993
9.80993
9.80992
9.80992
9.80991
9.80991
9.8099
9.80989
9.80989
9.80988
9.80988
9.80987
9.80987
9.80986
9.80985
9.80985
9.80984
9.80983
9.80983
9.80982
9.80981
9.8098
9.8098
9.80979
9.80978
9.80977
9.80976
9.80976
9.80975
9.80974
9.80973
9.80972
9.80971
9.8097
9.80969
9.80968
9.80967
9.80966
9.80965
9.80964
9.80963
9.80962
9.80961
9.8096
9.80959
9.80958
9.80957
9.80956
9.80955
9.80954
9.80952
9.80951
9.8095
9.80949
9.80947
9.80946
9.80945
9.80944
9.80942
9.80941
9.8094
9.80938
9.80937
9.80936
9.80934
9.80933
9.80932
9.8093
9.80929
9.80927
9.80926
9.80924
9.80923
9.80921
9.8092
9.80918
9.80917
9.80915
9.80914
9.80912
9.8091
9.80909
9.80907
9.80906
9.80904
9.80902
9.809
9.80899
9.80897
9.80895
9.80894
9.80892
9.8089
9.80888
9.80886
9.80885
9.80883
9.80881
9.80879
9.80877
9.80875
9.80873
9.80871
9.80869
9.80868
9.80865
9.80864
9.80862
9.8086
9.80857
9.80855
9.80853
9.80851
9.80849
9.80847
9.80845
9.80843
9.80841
9.80839
9.80836
9.80834
9.80832
9.8083
9.80828
9.80825
9.80823
9.80821
9.80819
9.80816
9.80814
9.80812
9.80809
9.80807
9.80804
9.80802
9.808
9.80797
9.80795
9.80792
9.8079
9.80787
9.80785
9.80782
9.8078
9.80777
9.80775
9.80772
9.8077
9.80767
9.80764
9.80762
9.80759
9.80757
9.80754
9.80751
9.80749
9.80746
9.80743
9.8074
9.80738
9.80735
9.80732
9.80729
9.80726
9.80724
9.80721
9.80718
9.80715
9.80712
9.80709
9.80706
9.80703
9.807
9.80697
9.80694
9.80691
9.80688
9.80686
9.80682
9.80679
9.80676
9.80673
9.8067
9.80667
9.80664
9.80661
9.80658
9.80654
9.80651
9.80648
9.80645
9.80642
9.80639
9.80635
9.80632
9.80629
9.80625
9.80622
9.80619
9.80616
9.80612
9.80609
9.80605
9.80602
9.80599
9.80595
9.80592
9.80588
9.80585
9.80581
9.80578
9.80574
9.80571
9.80567
9.80564
9.8056
9.80556
9.80553
9.80549
9.80546
9.80542
9.80538
9.80535
9.80531
9.80527
9.80524
9.8052
9.80516
9.80512
9.80509
9.80505
9.80501
9.80497
9.80493
9.8049
9.80486
9.80482
9.80478
9.80474
9.8047
9.80466
9.80462
9.80458
9.80454
9.8045
9.80446
9.80442
9.80438
9.80434
9.8043
9.80426
9.80422
9.80418
9.80414
9.8041
9.80405
9.80401
9.80397
9.80393
9.80389
9.80384
9.8038
9.80376
9.80372
9.80367
9.80363
9.80359
9.80354
9.8035
9.80346
9.80341
9.80337
9.80333
9.80328
9.80324
9.80319
9.80315
9.8031
9.80306
9.80302
9.80297
9.80292
9.80288
9.80283
9.80279
9.80274
9.8027
9.80265
9.8026
9.80256
9.80251
9.80246
9.80242
9.80237
9.80232
9.80228
9.80223
9.80218
9.80213
9.80208
9.80204
9.80199
9.80194
9.80189
9.80184
9.8018
9.80175
9.8017
9.80165
9.8016
9.80155
9.8015
9.80145
9.8014
9.80135
9.8013
9.80125
9.8012
9.80115
9.8011
9.80105
9.80099
9.80094
9.80089
9.80084
9.80079
9.80074
9.80068
9.80063
9.80058
9.80053
9.80048
9.80042
9.80037
9.80032
9.80027
9.80021
9.80016
9.8001
9.80005
9.8
9.79994
9.79989
9.79984
9.79978
9.79973
9.79967
9.79962
9.79956
9.79951
9.79945
9.7994
9.79934
9.79928
9.79923
9.79917
9.79912
9.79906
9.799
9.79895
9.79889
9.79883
9.79878
9.79872
9.79866
9.7986
9.79855
9.79849
9.79843
9.79837
9.79832
9.79826
9.7982
9.79814
9.79808
9.79802
9.79796
9.7979
9.79784
9.79778
9.79773
9.79767
9.79761
9.79755
9.79749
9.79743
9.79737
9.79731
9.79724
9.79718
9.79712
9.79706
9.797
9.79694
9.79688
9.79681
9.79675
9.79669
9.79663
9.79657
9.7965
9.79644
9.79638
9.79631
9.79625
9.79619
9.79613
9.79606
9.796
9.79593
9.79587
9.79581
9.79574
9.79568
9.79561
9.79555
9.79548
9.79542
9.79535
9.79529
9.79522
9.79516
9.79509
9.79503
9.79496
9.79489
9.79483
9.79476
9.79469
9.79463
9.79456
9.79449
9.79443
9.79436
9.79429
9.79422
9.79416
9.79409
9.79402
9.79395
9.79388
9.79382
9.79375
9.79368
9.79361
9.79354
9.79347
9.7934
9.79333
9.79326
9.79319
9.79312
9.79305
9.79298
9.79291
9.79284
9.79277
9.7927
9.79263
9.79256
9.79249
9.79242
9.79235
9.79227
9.7922
9.79213
9.79206
9.79199
9.79191
9.79184
9.79177
9.7917
9.79162
9.79155
9.79148
9.7914
9.79133
9.79126
9.79118
9.79111
9.79103
9.79096
9.79089
9.79081
9.79074
9.79066
9.79059
9.79051
9.79044
9.79036
9.79029
9.79021
9.79014
9.79006
9.78998
9.78991
9.78983
9.78975
9.78968
9.7896
9.78952
9.78945
9.78937
9.78929
9.78921
9.78914
9.78906
9.78898
9.7889
9.78882
9.78875
9.78867
9.78859
9.78851
9.78843
9.78835
9.78827
9.78819
9.78811
9.78803
9.78795
9.78787
9.78779
9.78771
9.78763
9.78755
9.78747
9.78739
9.78731
9.78723
9.78715
9.78707
9.78698
9.7869
9.78682
9.78674
9.78666
9.78657
9.78649
9.78641
9.78633
9.78624
9.78616
9.78608
9.786
9.78591
9.78583
9.78574
9.78566
9.78558
9.78549
9.78541
9.78532
9.78524
9.78515
9.78507
9.78498
9.7849
9.78481
9.78473
9.78464
9.78456
9.78447
9.78439
9.7843
9.78421
9.78413
9.78404
9.78395
9.78387
9.78378
9.78369
9.7836
9.78352
9.78343
9.78334
9.78325
9.78317
9.78308
9.78299
9.7829
9.78281
9.78272
9.78263
9.78255
9.78246
9.78237
9.78228
9.78219
9.7821
9.78201
9.78192
9.78183
9.78174
9.78165
9.78156
9.78147
9.78137
9.78128
9.78119
9.7811
9.78101
9.78092
9.78083
9.78074
9.78064
9.78055
9.78046
9.78036
9.78027
9.78018
9.78009
9.77999
9.7799
9.77981
9.77971
9.77962
9.77953
9.77943
9.77934
9.77924
9.77915
9.77906
9.77896
9.77887
9.77877
9.77868
9.77858
9.77849
9.77839
9.77829
9.7782
9.7781
9.77801
9.77791
9.77781
9.77772
9.77762
9.77752
9.77743
9.77733
9.77723
9.77713
9.77704
9.77694
9.77684
9.77674
9.77665
9.77655
9.77645
9.77635
9.77625
9.77615
9.77605
9.77596
9.77586
9.77576
9.77566
9.77556
9.77546
9.77536
9.77526
9.77516
9.77506
9.77496
9.77486
9.77475
9.77465
9.77455
9.77445
9.77435
9.77425
9.77415
9.77404
9.77394
9.77384
9.77374
9.77364
9.77353
9.77343
9.77333
9.77322
9.77312
9.77302
9.77292
9.77281
9.77271
9.7726
9.7725
9.7724
9.77229
9.77219
9.77208
9.77198
9.77187
9.77177
9.77166
9.77156
9.77145
9.77135
9.77124
9.77114
9.77103
9.77092
9.77082
9.77071
9.7706
9.7705
9.77039
9.77028
9.77018
9.77007
9.76996
9.76985
9.76975
9.76964
9.76953
9.76942
9.76931
9.76921
9.7691
9.76899
9.76888
9.76877
9.76866
9.76855
9.76844
9.76833
9.76822
9.76811
9.768
9.76789
9.76778
9.76767
9.76756
9.76745
9.76734
9.76723
9.76712
9.76701
9.7669
9.76678
9.76667
9.76656
9.76645
9.76634
9.76623
9.76611
9.766
9.76589
9.76577
9.76566
9.76555
9.76544
9.76532
9.76521
9.76509
9.76498
9.76487
9.76475
9.76464
9.76452
9.76441
9.76429
9.76418
9.76406
9.76395
9.76383
9.76372
9.7636
9.76349
9.76337
9.76326
9.76314
9.76302
9.76291
9.76279
9.76267
9.76256
9.76244
9.76232
9.76221
9.76209
9.76197
9.76185
9.76173
9.76162
9.7615
9.76138
9.76126
9.76114
9.76102
9.76091
9.76079
9.76067
9.76055
9.76043
9.76031
9.76019
9.76007
9.75995
9.75983
9.75971
9.75959
9.75947
9.75935
9.75923
9.75911
9.75898
9.75886
9.75874
9.75862
9.7585
9.75838
9.75826
9.75813
9.75801
9.75789
9.75777
9.75764
9.75752
9.7574
9.75727
9.75715
9.75703
9.7569
9.75678
9.75666
9.75653
9.75641
9.75628
9.75616
9.75604
9.75591
9.75579
9.75566
9.75554
9.75541
9.75529
9.75516
9.75503
9.75491
9.75478
9.75466
9.75453
9.7544
9.75428
9.75415
9.75402
9.7539
9.75377
9.75364
9.75352
9.75339
9.75326
9.75313
9.753
9.75288
9.75275
9.75262
9.75249
9.75236
9.75223
9.7521
9.75198
9.75185
9.75172
9.75159
9.75146
9.75133
9.7512
9.75107
9.75094
9.75081
9.75068
9.75055
9.75042
9.75029
9.75015
9.75002
9.74989
9.74976
9.74963
9.7495
9.74936
9.74923
9.7491
9.74897
9.74884
9.7487
9.74857
9.74844
9.7483
9.74817
9.74804
9.7479
9.74777
9.74764
9.7475
9.74737
9.74723
9.7471
9.74697
9.74683
9.7467
9.74656
9.74643
9.74629
9.74615
9.74602
9.74588
9.74575
9.74561
9.74548
9.74534
9.7452
9.74507
9.74493
9.74479
9.74466
9.74452
9.74438
9.74425
9.74411
9.74397
9.74383
9.7437
9.74356
9.74342
9.74328
9.74314
9.743
9.74287
9.74273
9.74259
9.74245
9.74231
9.74217
9.74203
9.74189
9.74175
9.74161
9.74147
9.74133
9.74119
9.74105
9.74091
9.74077
9.74063
9.74049
9.74034
9.7402
9.74006
9.73992
9.73978
9.73964
9.73949
9.73935
9.73921
9.73907
9.73892
9.73878
9.73864
9.73849
9.73835
9.73821
9.73806
9.73792
9.73778
9.73763
9.73749
9.73734
9.7372
9.73706
9.73691
9.73677
9.73662
9.73648
9.73633
9.73619
9.73604
9.7359
9.73575
9.7356
9.73546
9.73531
9.73516
9.73502
9.73487
9.73472
9.73458
9.73443
9.73428
9.73414
9.73399
9.73384
9.73369
9.73355
9.7334
9.73325
9.7331
9.73295
9.7328
9.73265
9.73251
9.73236
9.73221
9.73206
9.73191
9.73176
9.73161
9.73146
9.73131
9.73116
9.73101
9.73086
9.73071
9.73056
9.73041
9.73026
9.7301
9.72995
9.7298
9.72965
9.7295
9.72935
9.72919
9.72904
9.72889
9.72874
9.72859
9.72843
9.72828
9.72813
9.72797
9.72782
9.72767
9.72751
9.72736
9.72721
9.72705
9.7269
9.72674
9.72659
9.72644
9.72628
9.72613
9.72597
9.72582
9.72566
9.7255
9.72535
9.72519
9.72504
9.72488
9.72473
9.72457
9.72441
9.72426
9.7241
9.72394
9.72379
9.72363
9.72347
9.72332
9.72316
9.723
9.72284
9.72268
9.72253
9.72237
9.72221
9.72205
9.72189
9.72174
9.72158
9.72142
9.72126
9.7211
9.72094
9.72078
9.72062
9.72046
9.7203
9.72014
9.71998
9.71982
9.71966
9.7195
9.71934
9.71918
9.71901
9.71885
9.71869
9.71853
9.71837
9.71821
9.71804
9.71788
9.71772
9.71756
9.7174
9.71723
9.71707
9.71691
9.71674
9.71658
9.71642
9.71625
9.71609
9.71593
9.71576
9.7156
9.71543
9.71527
9.71511
9.71494
9.71478
9.71461
9.71445
9.71428
9.71412
9.71395
9.71379
9.71362
9.71345
9.71329
9.71312
9.71296
9.71279
9.71262
9.71245
9.71229
9.71212
9.71195
9.71179
9.71162
9.71145
9.71128
9.71112
9.71095
9.71078
9.71061
9.71044
9.71028
9.71011
9.70994
9.70977
9.7096
9.70943
9.70926
9.70909
9.70892
9.70875
9.70858
9.70841
9.70824
9.70807
9.7079
9.70773
9.70756
9.70739
9.70722
9.70705
9.70688
9.7067
9.70653
9.70636
9.70619
9.70602
9.70584
9.70567
9.7055
9.70533
9.70515
9.70498
9.70481
9.70464
9.70446
9.70429
9.70412
9.70394
9.70377
9.70359
9.70342
9.70325
9.70307
9.7029
9.70272
9.70255
9.70237
9.7022
9.70202
9.70185
9.70167
9.7015
9.70132
9.70114
9.70097
9.70079
9.70062
9.70044
9.70026
9.70009
9.69991
9.69973
9.69955
9.69938
9.6992
9.69902
9.69884
9.69867
9.69849
9.69831
9.69813
9.69795
9.69778
9.6976
9.69742
9.69724
9.69706
9.69688
9.6967
9.69652
9.69634
9.69616
9.69598
9.6958
9.69562
9.69544
9.69526
9.69508
9.6949
9.69472
9.69454
9.69436
9.69418
9.69399
9.69381
9.69363
9.69345
9.69327
9.69308
9.6929
9.69272
9.69254
9.69235
9.69217
9.69199
9.6918
9.69162
9.69144
9.69126
9.69107
9.69089
9.6907
9.69052
9.69034
9.69015
9.68997
9.68978
9.6896
9.68941
9.68923
9.68904
9.68886
9.68867
9.68849
9.6883
9.68811
9.68793
9.68774
9.68756
9.68737
9.68718
9.687
9.68681
9.68662
9.68643
9.68625
9.68606
9.68587
9.68568
9.6855
9.68531
9.68512
9.68493
9.68474
9.68456
9.68437
9.68418
9.68399
9.6838
9.68361
9.68342
9.68323
9.68304
9.68285
9.68266
9.68247
9.68228
9.68209
9.6819
9.68171
9.68152
9.68133
9.68114
9.68095
9.68076
9.68056
9.68037
9.68018
9.67999
9.6798
9.67961
9.67941
9.67922
9.67903
9.67884
9.67864
9.67845
9.67826
9.67806
9.67787
9.67768
9.67748
9.67729
9.6771
9.6769
9.67671
9.67651
9.67632
9.67612
9.67593
9.67573
9.67554
9.67534
9.67515
9.67495
9.67476
9.67456
9.67437
9.67417
9.67397
9.67378
9.67358
9.67339
9.67319
9.67299
9.6728
9.6726
9.6724
9.6722
9.67201
9.67181
9.67161
9.67141
9.67122
9.67102
9.67082
9.67062
9.67042
9.67022
9.67002
9.66983
9.66963
9.66943
9.66923
9.66903
9.66883
9.66863
9.66843
9.66823
9.66803
9.66783
9.66763
9.66743
9.66723
9.66702
9.66682
9.66662
9.66642
9.66622
9.66602
9.66582
9.66562
9.66541
9.66521
9.66501
9.66481
9.6646
9.6644
9.6642
9.664
9.66379
9.66359
9.66339
9.66318
9.66298
9.66278
9.66257
9.66237
9.66216
9.66196
9.66175
9.66155
9.66134
9.66114
9.66093
9.66073
9.66052
9.66032
9.66011
9.65991
9.6597
9.6595
9.65929
9.65908
9.65888
9.65867
9.65846
9.65826
9.65805
9.65784
9.65764
9.65743
9.65722
9.65701
9.65681
9.6566
9.65639
9.65618
9.65597
9.65576
9.65556
9.65535
9.65514
9.65493
9.65472
9.65451
9.6543
9.65409
9.65388
9.65367
9.65346
9.65325
9.65304
9.65283
9.65262
9.65241
9.6522
9.65199
9.65178
9.65157
9.65136
9.65114
9.65093
9.65072
9.65051
9.6503
9.65009
9.64987
9.64966
9.64945
9.64924
9.64902
9.64881
9.6486
9.64838
9.64817
9.64796
9.64774
9.64753
9.64732
9.6471
9.64689
9.64667
9.64646
9.64624
9.64603
9.64581
9.6456
9.64538
9.64517
9.64495
9.64474
9.64452
9.64431
9.64409
9.64388
9.64366
9.64344
9.64323
9.64301
9.64279
9.64258
9.64236
9.64214
9.64192
9.64171
9.64149
9.64127
9.64106
9.64084
9.64062
9.6404
9.64018
9.63996
9.63974
9.63953
9.63931
9.63909
9.63887
9.63865
9.63843
9.63821
9.63799
9.63777
9.63755
9.63733
9.63711
9.63689
9.63667
9.63645
9.63623
9.63601
9.63579
9.63557
9.63534
9.63512
9.6349
9.63468
9.63446
9.63424
9.63401
9.63379
9.63357
9.63335
9.63312
9.6329
9.63268
9.63245
9.63223
9.63201
9.63178
9.63156
9.63134
9.63111
9.63089
9.63066
9.63044
9.63022
9.62999
9.62977
9.62954
9.62932
9.62909
9.62887
9.62864
9.62842
9.62819
9.62796
9.62774
9.62751
9.62729
9.62706
9.62683
9.62661
9.62638
9.62615
9.62593
9.6257
9.62547
9.62525
9.62502
9.62479
9.62456
9.62433
9.62411
9.62388
9.62365
9.62342
9.62319
9.62296
9.62274
9.62251
9.62228
9.62205
9.62182
9.62159
9.62136
9.62113
9.6209
9.62067
9.62044
9.62021
9.61998
9.61975
9.61952
9.61928
9.61905
9.61882
9.61859
9.61836
9.61813
9.6179
9.61767
9.61743
9.6172
9.61697
9.61674
9.6165
9.61627
9.61604
9.61581
9.61557
9.61534
9.61511
9.61487
9.61464
9.61441
9.61417
9.61394
9.6137
9.61347
9.61323
9.613
9.61277
9.61253
9.6123
9.61206
9.61182
9.61159
9.61135
9.61112
9.61088
9.61065
9.61041
9.61018
9.60994
9.6097
9.60947
9.60923
9.60899
9.60876
9.60852
9.60828
9.60804
9.60781
9.60757
9.60733
9.60709
9.60686
9.60662
9.60638
9.60614
9.6059
9.60566
9.60542
9.60519
9.60495
9.60471
9.60447
9.60423
9.60399
9.60375
9.60351
9.60327
9.60303
9.60279
9.60255
9.60231
9.60207
9.60183
9.60159
9.60134
9.6011
9.60086
9.60062
9.60038
9.60014
9.5999
9.59965
9.59941
9.59917
9.59893
9.59868
9.59844
9.5982
9.59796
9.59771
9.59747
9.59723
9.59698
9.59674
9.5965
9.59625
9.59601
9.59576
9.59552
9.59528
9.59503
9.59479
9.59454
9.5943
9.59405
9.59381
9.59356
9.59332
9.59307
9.59282
9.59258
9.59233
9.59209
9.59184
9.59159
9.59135
9.5911
9.59085
9.59061
9.59036
9.59011
9.58986
9.58962
9.58937
9.58912
9.58887
9.58863
9.58838
9.58813
9.58788
9.58763
9.58738
9.58714
9.58689
9.58664
9.58639
9.58614
9.58589
9.58564
9.58539
9.58514
9.58489
9.58464
9.58439
9.58414
9.58389
9.58364
9.58339
9.58314
9.58289
9.58263
9.58238
9.58213
9.58188
9.58163
9.58138
9.58113
9.58087
9.58062
9.58037
9.58012
9.57986
9.57961
9.57936
9.57911
9.57885
9.5786
9.57835
9.57809
9.57784
9.57758
9.57733
9.57708
9.57682
9.57657
9.57631
9.57606
9.5758
9.57555
9.57529
9.57504
9.57478
9.57453
9.57427
9.57402
9.57376
9.57351
9.57325
9.57299
9.57274
9.57248
9.57222
9.57197
9.57171
9.57145
9.5712
9.57094
9.57068
9.57043
9.57017
9.56991
9.56965
9.56939
9.56914
9.56888
9.56862
9.56836
9.5681
9.56784
9.56758
9.56732
9.56707
9.56681
9.56655
9.56629
9.56603
9.56577
9.56551
9.56525
9.56499
9.56473
9.56447
9.56421
9.56394
9.56368
9.56342
9.56316
9.5629
9.56264
9.56238
9.56212
9.56185
9.56159
9.56133
9.56107
9.56081
9.56054
9.56028
9.56002
9.55975
9.55949
9.55923
9.55897
9.5587
9.55844
9.55817
9.55791
9.55765
9.55738
9.55712
9.55685
9.55659
9.55632
9.55606
9.5558
9.55553
9.55527
9.555
9.55474
9.55447
9.5542
9.55394
9.55367
9.55341
9.55314
9.55287
9.55261
9.55234
9.55207
9.55181
9.55154
9.55127
9.55101
9.55074
9.55047
9.55021
9.54994
9.54967
9.5494
9.54913
9.54887
9.5486
9.54833
9.54806
9.54779
9.54752
9.54725
9.54698
9.54671
9.54644
9.54618
9.54591
9.54564
9.54537
9.5451
9.54483
9.54456
9.54429
9.54401
9.54374
9.54347
9.5432
9.54293
9.54266
9.54239
9.54212
9.54185
9.54157
9.5413
9.54103
9.54076
9.54049
9.54021
9.53994
9.53967
9.5394
9.53912
9.53885
9.53858
9.5383
9.53803
9.53776
9.53748
9.53721
9.53693
9.53666
9.53639
9.53611
9.53584
9.53556
9.53529
9.53501
9.53474
9.53446
9.53419
9.53391
9.53364
9.53336
9.53308
9.53281
9.53253
9.53226
9.53198
9.5317
9.53143
9.53115
9.53088
9.5306
9.53032
9.53004
9.52977
9.52949
9.52921
9.52893
9.52866
9.52838
9.5281
9.52782
9.52754
9.52727
9.52699
9.52671
9.52643
9.52615
9.52587
9.52559
9.52531
9.52503
9.52475
9.52447
9.52419
9.52391
9.52363
9.52335
9.52307
9.52279
9.52251
9.52223
9.52195
9.52167
9.52139
9.52111
9.52082
9.52054
9.52026
9.51998
9.5197
9.51942
9.51913
9.51885
9.51857
9.51829
9.518
9.51772
9.51744
9.51715
9.51687
9.51659
9.5163
9.51602
9.51574
9.51545
9.51517
9.51488
9.5146
9.51432
9.51403
9.51375
9.51346
9.51318
9.51289
9.51261
9.51232
9.51204
9.51175
9.51147
9.51118
9.51089
9.51061
9.51032
9.51004
9.50975
9.50946
9.50918
9.50889
9.5086
9.50832
9.50803
9.50774
9.50745
9.50716
9.50688
9.50659
9.5063
9.50601
9.50572
9.50544
9.50515
9.50486
9.50457
9.50428
9.50399
9.5037
9.50342
9.50313
9.50284
9.50255
9.50226
9.50197
9.50168
9.50139
9.5011
9.50081
9.50051
9.50022
9.49993
9.49964
9.49935
9.49906
9.49877
9.49848
9.49819
9.4979
9.4976
9.49731
9.49702
9.49673
9.49643
9.49614
9.49585
9.49556
9.49527
9.49497
9.49468
9.49438
9.49409
9.4938
9.4935
9.49321
9.49292
9.49262
9.49233
9.49203
9.49174
9.49145
9.49115
9.49086
9.49056
9.49027
9.48997
9.48968
9.48938
9.48909
9.48879
9.48849
9.4882
9.4879
9.48761
9.48731
9.48701
9.48672
9.48642
9.48612
9.48583
9.48553
9.48523
9.48494
9.48464
9.48434
9.48404
9.48375
9.48345
9.48315
9.48285
9.48255
9.48225
9.48196
9.48166
9.48136
9.48106
9.48076
9.48046
9.48016
9.47986
9.47956
9.47926
9.47896
9.47866
9.47836
9.47806
9.47776
9.47746
9.47716
9.47686
9.47656
9.47626
9.47596
9.47566
9.47536
9.47505
9.47475
9.47445
9.47415
9.47385
9.47355
9.47324
9.47294
9.47264
9.47234
9.47203
9.47173
9.47143
9.47112
9.47082
9.47052
9.47022
9.46991
9.46961
9.46931
9.469
9.4687
9.46839
9.46809
9.46778
9.46748
9.46717
9.46687
9.46656
9.46626
9.46595
9.46565
9.46534
9.46504
9.46473
9.46443
9.46412
9.46381
9.46351
9.4632
9.4629
9.46259
9.46228
9.46198
9.46167
9.46136
9.46105
9.46075
9.46044
9.46013
9.45982
9.45952
9.45921
9.4589
9.45859
9.45828
9.45798
9.45767
9.45736
9.45705
9.45674
9.45643
9.45612
9.45581
9.4555
9.45519
9.45488
9.45457
9.45426
9.45395
9.45364
9.45333
9.45302
9.45271
9.4524
9.45209
9.45178
9.45147
9.45116
9.45085
9.45053
9.45022
9.44991
9.4496
9.44929
9.44897
9.44866
9.44835
9.44804
9.44773
9.44741
9.4471
9.44679
9.44647
9.44616
9.44585
9.44553
9.44522
9.44491
9.44459
9.44428
9.44396
9.44365
9.44334
9.44302
9.44271
9.44239
9.44208
9.44176
9.44145
9.44113
9.44082
9.4405
9.44019
9.43987
9.43955
9.43924
9.43892
9.43861
9.43829
9.43797
9.43766
9.43734
9.43702
9.43671
9.43639
9.43607
9.43575
9.43544
9.43512
9.4348
9.43448
9.43417
9.43385
9.43353
9.43321
9.43289
9.43258
9.43226
9.43194
9.43162
9.4313
9.43098
9.43066
9.43034
9.43002
9.4297
9.42938
9.42906
9.42874
9.42842
9.4281
9.42778
9.42746
9.42714
9.42682
9.4265
9.42618
9.42586
9.42554
9.42521
9.42489
9.42457
9.42425
9.42393
9.4236
9.42328
9.42296
9.42264
9.42232
9.42199
9.42167
9.42135
9.42103
9.4207
9.42038
9.42005
9.41973
9.41941
9.41908
9.41876
9.41844
9.41811
9.41779
9.41746
9.41714
9.41681
9.41649
9.41617
9.41584
9.41551
9.41519
9.41486
9.41454
9.41421
9.41389
9.41356
9.41324
9.41291
9.41258
9.41226
9.41193
9.41161
9.41128
9.41095
9.41062
9.4103
9.40997
9.40964
9.40932
9.40899
9.40866
9.40833
9.408
9.40768
9.40735
9.40702
9.40669
9.40636
9.40604
9.40571
9.40538
9.40505
9.40472
9.40439
9.40406
9.40373
9.4034
9.40307
9.40274
9.40241
9.40208
9.40175
9.40142
9.40109
9.40076
9.40043
9.4001
9.39977
9.39944
9.39911
9.39877
9.39844
9.39811
9.39778
9.39745
9.39712
9.39678
9.39645
9.39612
9.39579
9.39545
9.39512
9.39479
9.39446
9.39412
9.39379
9.39346
9.39312
9.39279
9.39246
9.39212
9.39179
9.39145
9.39112
9.39079
9.39045
9.39012
9.38978
9.38945
9.38911
9.38878
9.38844
9.38811
9.38777
9.38744
9.3871
9.38677
9.38643
9.38609
9.38576
9.38542
9.38509
9.38475
9.38441
9.38408
9.38374
9.3834
9.38307
9.38273
9.38239
9.38205
9.38172
9.38138
9.38104
9.3807
9.38036
9.38003
9.37969
9.37935
9.37901
9.37867
9.37833
9.378
9.37766
9.37732
9.37698
9.37664
9.3763
9.37596
9.37562
9.37528
9.37494
9.3746
9.37426
9.37392
9.37358
9.37324
9.3729
9.37256
9.37222
9.37188
9.37153
9.37119
9.37085
9.37051
9.37017
9.36983
9.36949
9.36914
9.3688
9.36846
9.36812
9.36777
9.36743
9.36709
9.36675
9.3664
9.36606
9.36572
9.36537
9.36503
9.36469
9.36434
9.364
9.36366
9.36331
9.36297
9.36262
9.36228
9.36193
9.36159
9.36124
9.3609
9.36056
9.36021
9.35987
9.35952
9.35917
9.35883
9.35848
9.35814
9.35779
9.35745
9.3571
9.35675
9.35641
9.35606
9.35571
9.35537
9.35502
9.35467
9.35433
9.35398
9.35363
9.35328
9.35294
9.35259
9.35224
9.35189
9.35154
9.3512
9.35085
9.3505
9.35015
9.3498
9.34945
9.3491
9.34875
9.34841
9.34806
9.34771
9.34736
9.34701
9.34666
9.34631
9.34596
9.34561
9.34526
9.34491
9.34456
9.34421
9.34386
9.34351
9.34315
9.3428
9.34245
9.3421
9.34175
9.3414
9.34105
9.3407
9.34034
9.33999
9.33964
9.33929
9.33893
9.33858
9.33823
9.33788
9.33752
9.33717
9.33682
9.33646
9.33611
9.33576
9.33541
9.33505
9.3347
9.33434
9.33399
9.33364
9.33328
9.33293
9.33257
9.33222
9.33186
9.33151
9.33115
9.3308
9.33044
9.33009
9.32973
9.32938
9.32902
9.32866
9.32831
9.32795
9.3276
9.32724
9.32688
9.32653
9.32617
9.32581
9.32546
9.3251
9.32474
9.32439
9.32403
9.32367
9.32331
9.32296
9.3226
9.32224
9.32188
9.32152
9.32117
9.32081
9.32045
9.32009
9.31973
9.31937
9.31901
9.31866
9.3183
9.31794
9.31758
9.31722
9.31686
9.3165
9.31614
9.31578
9.31542
9.31506
9.3147
9.31434
9.31398
9.31362
9.31325
9.31289
9.31253
9.31217
9.31181
9.31145
9.31109
9.31073
9.31036
9.31
9.30964
9.30928
9.30892
9.30855
9.30819
9.30783
9.30747
9.3071
9.30674
9.30638
9.30601
9.30565
9.30529
9.30492
9.30456
9.3042
9.30383
9.30347
9.3031
9.30274
9.30238
9.30201
9.30165
9.30128
9.30092
9.30055
9.30019
9.29982
9.29946
9.29909
9.29873
9.29836
9.29799
9.29763
9.29726
9.2969
9.29653
9.29616
9.2958
9.29543
9.29506
9.2947
9.29433
9.29396
9.2936
9.29323
9.29286
9.29249
9.29213
9.29176
9.29139
9.29102
9.29066
9.29029
9.28992
9.28955
9.28918
9.28881
9.28844
9.28808
9.28771
9.28734
9.28697
9.2866
9.28623
9.28586
9.28549
9.28512
9.28475
9.28438
9.28401
9.28364
9.28327
9.2829
9.28253
9.28216
9.28179
9.28142
9.28104
9.28067
9.2803
9.27993
9.27956
9.27919
9.27882
9.27844
9.27807
9.2777
9.27733
9.27696
9.27658
9.27621
9.27584
9.27546
9.27509
9.27472
9.27435
9.27397
9.2736
9.27323
9.27285
9.27248
9.27211
9.27173
9.27136
9.27098
9.27061
9.27023
9.26986
9.26949
9.26911
9.26873
9.26836
9.26799
9.26761
9.26723
9.26686
9.26648
9.26611
9.26573
9.26536
9.26498
9.2646
9.26423
9.26385
9.26341
9.25948
9.25555
9.25162
9.2477
9.24379
9.23987
9.23596
9.23206
9.22816
9.22426
9.22036
9.21647
9.21259
9.2087
9.20482
9.20095
9.19707
9.19321
9.18934
9.18548
9.18162
9.17777
9.17392
9.17008
9.16623
9.1624
9.15856
9.15473
9.1509
9.14708
9.14326
9.13944
9.13563
9.13182
9.12801
9.12421
9.12041
9.11662
9.11283
9.10904
9.10526
9.10148
9.0977
9.09393
9.09016
9.08639
9.08263
9.07887
9.07512
9.07137
9.06762
9.06387
9.06013
9.0564
9.05266
9.04893
9.04521
9.04148
9.03776
9.03405
9.03034
9.02663
9.02292
9.01922
9.01552
9.01182
9.00813
9.00444
9.00076
8.99708
8.9934
8.98973
8.98605
8.98239
8.97872
8.97506
8.9714
8.96775
8.9641
8.96045
8.95681
8.95317
8.94953
8.94589
8.94226
8.93864
8.93501
8.93139
8.92777
8.92416
8.92055
8.91694
8.91334
8.90974
8.90614
8.90254
8.89895
8.89537
8.89178
8.8882
8.88462
8.88105
8.87748
8.87391
8.87035
8.86678
8.86322
8.85967
8.85612
8.85257
8.84902
8.84548
8.84194
8.8384
8.83487
8.83134
8.82782
8.82429
8.82077
8.81726
8.81374
8.81023
8.80672
8.80322
8.79972
8.79622
8.79272
8.78923
8.78574
8.78226
8.77878
8.7753
8.77182
8.76835
8.76488
8.76141
8.75795
8.75448
8.75103
8.74757
8.74412
8.74067
8.73723
8.73378
8.73034
8.72691
8.72347
8.72004
8.71661
8.71319
8.70977
8.70635
8.70294
8.69952
8.69611
8.69271
8.6893
8.6859
8.6825
8.67911
8.67572
8.67233
8.66894
8.66556
8.66218
8.6588
8.65543
8.65206
8.64869
8.64533
8.64196
8.6386
8.63525
8.63189
8.62854
8.62519
8.62185
8.61851
8.61517
8.61183
8.6085
8.60517
8.60184
8.59851
8.59519
8.59187
8.58856
8.58524
8.58193
8.57862
8.57532
8.57201
8.56872
8.56542
8.56213
8.55884
8.55555
8.55226
8.54898
8.5457
8.54242
8.53915
8.53588
8.53261
8.52934
8.52608
8.52282
8.51956
8.5163
8.51305
8.5098
8.50655
8.50331
8.50007
8.49683
8.49359
8.49036
8.48713
8.4839
8.48068
8.47745
8.47423
8.47102
8.4678
8.46459
8.46138
8.45817
8.45497
8.45177
8.44857
8.44537
8.44218
8.43899
8.4358
8.43262
8.42944
8.42626
8.42308
8.4199
8.41673
8.41356
8.4104
8.40723
8.40407
8.40091
8.39775
8.3946
8.39145
8.3883
8.38515
8.38201
8.37887
8.37573
8.37259
8.36946
8.36633
8.3632
8.36008
8.35695
8.35383
8.35071
8.3476
8.34449
8.34138
8.33827
8.33516
8.33206
8.32896
8.32586
8.32277
8.31967
8.31658
8.31349
8.31041
8.30732
8.30424
8.30117
8.29809
8.29502
8.29195
8.28888
8.28581
8.28275
8.27969
8.27663
8.27357
8.27052
8.26747
8.26442
8.26137
8.25833
8.25529
8.25225
8.24921
8.24618
8.24315
8.24012
8.23709
8.23407
8.23104
8.22802
8.22501
8.22199
8.21898
8.21597
8.21296
8.20996
8.20695
8.20395
8.20095
8.19796
8.19497
8.19197
8.18898
8.186
8.18301
8.18003
8.17705
8.17408
8.1711
8.16813
8.16516
8.16219
8.15922
8.15626
8.1533
8.15034
8.14738
8.14443
8.14148
8.13853
8.13558
8.13264
8.12969
8.12675
8.12381
8.12088
8.11794
8.11501
8.11208
8.10916
8.10623
8.10331
8.10039
8.09747
8.09455
8.09164
8.08873
8.08582
8.08292
8.08001
8.07711
8.07421
8.07131
8.06842
8.06552
8.06263
8.05974
8.05686
8.05397
8.05109
8.04821
8.04533
8.04245
8.03958
8.03671
8.03384
8.03097
8.02811
8.02524
8.02238
8.01952
8.01667
8.01381
8.01096
8.00811
8.00526
8.00242
7.99957
7.99673
7.99389
7.99106
7.98822
7.98539
7.98256
7.97973
7.9769
7.97408
7.97126
7.96844
7.96562
7.9628
7.95999
7.95718
7.95437
7.95156
7.94875
7.94595
7.94315
7.94035
7.93755
7.93476
7.93196
7.92917
7.92638
7.9236
7.92081
7.91803
7.91525
7.91247
7.9097
7.90692
7.90415
7.90138
7.89861
7.89584
7.89308
7.89032
7.88756
7.8848
7.88204
7.87929
7.87654
7.87379
7.87104
7.86829
7.86555
7.8628
7.86006
7.85733
7.85459
7.85186
7.84912
7.84639
7.84367
7.84094
7.83821
7.83549
7.83277
7.83005
7.82734
7.82462
7.82191
7.8192
7.81649
7.81378
7.81108
7.80838
7.80568
7.80298
7.80028
7.79759
7.79489
7.7922
7.78951
7.78683
7.78414
7.78146
7.77878
7.7761
7.77342
7.77074
7.76807
7.7654
7.76273
7.76006
7.75739
7.75473
7.75207
7.74941
7.74675
7.74409
7.74144
7.73878
7.73613
7.73348
7.73084
7.72819
7.72555
7.72291
7.72027
7.71763
7.71499
7.71236
7.70973
7.7071
7.70447
7.70184
7.69921
7.69659
7.69397
7.69135
7.68873
7.68612
7.6835
7.68089
7.67828
7.67567
7.67307
7.67046
7.66786
7.66526
7.66266
7.66006
7.65746
7.65487
7.65228
7.64969
7.6471
7.64451
7.64193
7.63934
7.63676
7.63418
7.63161
7.62903
7.62646
7.62388
7.62131
7.61874
7.61618
7.61361
7.61105
7.60849
7.60593
7.60337
7.60081
7.59826
7.5957
7.59315
7.5906
7.58806
7.58551
7.58297
7.58042
7.57788
7.57534
7.57281
7.57027
7.56774
7.5652
7.56267
7.56014
7.55762
7.55509
7.55257
7.55005
7.54753
7.54501
7.54249
7.53998
7.53746
7.53495
7.53244
7.52993
7.52743
7.52492
7.52242
7.51992
7.51742
7.51492
7.51242
7.50993
7.50744
7.50495
7.50246
7.49997
7.49748
7.495
7.49251
7.49003
7.48755
7.48507
7.4826
7.48012
7.47765
7.47518
7.47271
7.47024
7.46777
7.46531
7.46285
7.46038
7.45793
7.45547
7.45301
7.45055
7.4481
7.44565
7.4432
7.44075
7.43831
7.43586
7.43341
7.43097
7.42853
7.42609
7.42366
7.42122
7.41879
7.41635
7.41392
7.41149
7.40907
7.40664
7.40422
7.40179
7.39937
7.39695
7.39454
7.39212
7.3897
7.38729
7.38488
7.38247
7.38006
7.37765
7.37525
7.37284
7.37044
7.36804
7.36564
7.36325
7.36085
7.35846
7.35606
7.35367
7.35128
7.34889
7.34651
7.34412
7.34174
7.33936
7.33697
7.3346
7.33222
7.32984
7.32747
7.3251
7.32272
7.32035
7.31799
7.31562
7.31325
7.31089
7.30853
7.30617
7.30381
7.30145
7.29909
7.29674
7.29439
7.29204
7.28969
7.28734
7.28499
7.28264
7.2803
7.27796
7.27562
7.27328
7.27094
7.2686
7.26627
7.26393
7.2616
7.25927
7.25694
7.25461
7.25229
7.24996
7.24764
7.24532
7.243
7.24068
7.23836
7.23604
7.23373
7.23142
7.22911
7.22679
7.22449
7.22218
7.21987
7.21757
7.21527
7.21297
7.21066
7.20837
7.20607
7.20377
7.20148
7.19919
7.1969
7.1946
7.19232
7.19003
7.18774
7.18546
7.18318
7.1809
7.17862
7.17634
7.17406
7.17178
7.16951
7.16724
7.16497
7.1627
7.16043
7.15816
7.15589
7.15363
7.15137
7.14911
7.14685
7.14459
7.14233
7.14007
7.13782
7.13556
7.13331
7.13106
7.12881
7.12656
7.12432
7.12207
7.11983
7.11759
7.11535
7.11311
7.11087
7.10863
7.1064
7.10417
7.10193
7.0997
7.09747
7.09524
7.09302
7.09079
7.08857
7.08634
7.08412
7.0819
7.07968
7.07746
7.07525
7.07303
7.07082
7.06861
7.0664
7.06419
7.06198
7.05977
7.05757
7.05536
7.05316
7.05096
7.04876
7.04656
7.04436
7.04216
7.03997
7.03778
7.03558
7.03339
7.0312
7.02902
7.02683
7.02464
7.02246
7.02028
7.01809
7.01591
7.01373
7.01156
7.00938
7.0072
7.00503
7.00286
7.00069
6.99852
6.99635
6.99418
6.99202
6.98985
6.98769
6.98552
6.98336
6.9812
6.97905
6.97689
6.97473
6.97258
6.97042
6.96827
6.96612
6.96397
6.96182
6.95968
6.95753
6.95539
6.95324
6.9511
6.94896
6.94682
6.94468
6.94255
6.94041
6.93828
6.93614
6.93401
6.93188
6.92975
6.92762
6.9255
6.92337
6.92125
6.91913
6.917
6.91488
6.91276
6.91065
6.90853
6.90641
6.9043
6.90219
6.90007
6.89796
6.89585
6.89375
6.89164
6.88953
6.88743
6.88533
6.88322
6.88112
6.87902
6.87693
6.87483
6.87273
6.87064
6.86854
6.86645
6.86436
6.86227
6.86018
6.8581
6.85601
6.85392
6.85184
6.84976
6.84768
6.84559
6.84352
6.84144
6.83936
6.83729
6.83521
6.83314
6.83107
6.829
6.82693
6.82486
6.82279
6.82072
6.81866
6.8166
6.81453
6.81247
6.81041
6.80836
6.8063
6.80424
6.80218
6.80013
6.79808
6.79603
6.79397
6.79192
6.78988
6.78783
6.78578
6.78374
6.7817
6.77965
6.77761
6.77557
6.77353
6.77149
6.76946
6.76742
6.76539
6.76335
6.76132
6.75929
6.75726
6.75523
6.7532
6.75118
6.74915
6.74713
6.74511
6.74308
6.74106
6.73904
6.73702
6.73501
6.73299
6.73098
6.72896
6.72695
6.72494
6.72293
6.72092
6.71891
6.7169
6.7149
6.71289
6.71089
6.70889
6.70688
6.70488
6.70288
6.70088
6.69889
6.69689
6.6949
6.6929
6.69091
6.68892
6.68693
6.68494
6.68295
6.68096
6.67898
6.67699
6.67501
6.67302
6.67104
6.66906
6.66708
6.6651
6.66313
6.66115
6.65918
6.6572
6.65523
6.65326
6.65129
6.64932
6.64735
6.64538
6.64341
6.64145
6.63948
6.63752
6.63556
6.6336
6.63164
6.62968
6.62772
6.62576
6.62381
6.62185
6.6199
6.61795
6.61599
6.61405
6.6121
6.61015
6.6082
6.60626
6.60431
6.60237
6.60042
6.59848
6.59654
6.5946
6.59266
6.59072
6.58879
6.58685
6.58492
6.58298
6.58105
6.57912
6.57719
6.57526
6.57333
6.5714
6.56948
6.56755
6.56563
6.5637
6.56178
6.55986
6.55794
6.55602
6.5541
6.55219
6.55027
6.54835
6.54644
6.54453
6.54262
6.5407
6.53879
6.53689
6.53498
6.53307
6.53117
6.52926
6.52736
6.52545
6.52355
6.52165
6.51975
6.51785
6.51595
6.51406
6.51216
6.51027
6.50837
6.50648
6.50459
6.5027
6.50081
6.49892
6.49703
6.49515
6.49326
6.49138
6.48949
6.48761
6.48573
6.48385
6.48197
6.48009
6.47821
6.47634
6.47446
6.47259
6.47071
6.46884
6.46697
6.4651
6.46323
6.46136
6.45949
6.45763
6.45576
6.4539
6.45203
6.45017
6.44831
6.44645
6.44459
6.44273
6.44087
6.43901
6.43716
6.4353
6.43345
6.4316
6.42974
6.42789
6.42604
6.42419
6.42234
6.4205
6.41865
6.4168
6.41496
6.41312
6.41127
6.40943
6.40759
6.40575
6.40391
6.40208
6.40024
6.3984
6.39657
6.39473
6.3929
6.39107
6.38924
6.38741
6.38558
6.38375
6.38193
6.3801
6.37827
6.37645
6.37462
6.3728
6.37098
6.36916
6.36734
6.36552
6.3637
6.36188
6.36007
6.35825
6.35644
6.35463
6.35281
6.351
6.34919
6.34738
6.34557
6.34377
6.34196
6.34015
6.33835
6.33654
6.33474
6.33294
6.33114
6.32934
6.32754
6.32574
6.32394
6.32214
6.32035
6.31855
6.31676
6.31497
6.31318
6.31138
6.30959
6.30781
6.30602
6.30423
6.30244
6.30066
6.29887
6.29709
6.2953
6.29352
6.29174
6.28996
6.28818
6.2864
6.28463
6.28285
6.28107
6.2793
6.27752
6.27575
6.27398
6.27221
6.27043
6.26867
6.2669
6.26513
6.26336
6.2616
6.25983
6.25807
6.2563
6.25454
6.25278
6.25102
6.24926
6.2475
6.24574
6.24398
6.24223
6.24047
