9.81e-006
2.943e-005
5.886e-005
9.81e-005
0.00014715
0.00020601
0.00027468
0.00035316
0.00044145
0.00053955
0.00064746
0.00076518
0.00089271
0.00103005
0.0011772
0.00133416
0.00150093
0.00167751
0.0018639
0.0020601
0.00226611
0.00248193
0.00270756
0.002943
0.00318825
0.00344331
0.00370818
0.00398286
0.00426735
0.00456165
0.00486575
0.00517967
0.0055034
0.00583694
0.00618029
0.00653345
0.00689642
0.0072692
0.00765179
0.00804419
0.00844639
0.00885841
0.00928024
0.00971188
0.0101533
0.0106046
0.0110657
0.0115365
0.0120172
0.0125077
0.013008
0.0135181
0.0140381
0.0145678
0.0151073
0.0156567
0.0162159
0.0167848
0.0173636
0.0179522
0.0185506
0.0191588
0.0197769
0.0204047
0.0210423
0.0216898
0.0223471
0.0230141
0.023691
0.0243777
0.0250742
0.0257805
0.0264966
0.0272226
0.0279583
0.0287039
0.0294592
0.0302244
0.0309994
0.0317842
0.0325787
0.0333832
0.0341974
0.0350214
0.0358552
0.0366989
0.0375523
0.0384156
0.0392887
0.0401716
0.0410642
0.0419667
0.0428791
0.0438012
0.0447331
0.0456748
0.0466264
0.0475877
0.0485589
0.0495399
0.0505307
0.0515313
0.0525417
0.0535619
0.0545919
0.0556317
0.0566814
0.0577408
0.0588101
0.0598892
0.060978
0.0620767
0.0631852
0.0643035
0.0654316
0.0665696
0.0677173
0.0688748
0.0700422
0.0712193
0.0724063
0.0736031
0.0748097
0.0760261
0.0772523
0.0784883
0.0797341
0.0809897
0.0822552
0.0835304
0.0848155
0.0861103
0.087415
0.0887295
0.0900538
0.0913879
0.0927318
0.0940855
0.095449
0.0968224
0.0982055
0.0995985
0.101001
0.102414
0.103836
0.105268
0.10671
0.108162
0.109624
0.111095
0.112576
0.114067
0.115568
0.117079
0.118599
0.12013
0.12167
0.12322
0.124779
0.126349
0.127928
0.129517
0.131116
0.132725
0.134343
0.135972
0.13761
0.139258
0.140916
0.142583
0.144261
0.145948
0.147645
0.149352
0.151068
0.152795
0.154531
0.156277
0.158033
0.159799
0.161574
0.163359
0.165154
0.166959
0.168774
0.170598
0.172433
0.174277
0.176131
0.177995
0.179868
0.181751
0.183645
0.185548
0.18746
0.189383
0.191315
0.193258
0.19521
0.197171
0.199143
0.201124
0.203116
0.205117
0.207127
0.209148
0.211179
0.213219
0.215269
0.217329
0.219398
0.221478
0.223567
0.225666
0.227775
0.229894
0.232023
0.234161
0.236309
0.238467
0.240635
0.242812
0.245
0.247197
0.249404
0.251621
0.253847
0.256084
0.25833
0.260586
0.262852
0.265127
0.267413
0.269708
0.272013
0.274328
0.276652
0.278987
0.281331
0.283685
0.286049
0.288423
0.290806
0.293199
0.295602
0.298015
0.300438
0.302871
0.305313
0.307765
0.310227
0.312699
0.31518
0.317672
0.320173
0.322684
0.325205
0.327735
0.330276
0.332826
0.335386
0.337955
0.340535
0.343124
0.345724
0.348333
0.350952
0.35358
0.356219
0.358867
0.361525
0.364193
0.36687
0.369558
0.372255
0.374962
0.377679
0.380406
0.383142
0.385888
0.388645
0.39141
0.394186
0.396972
0.399767
0.402572
0.405387
0.408212
0.411046
0.41389
0.416744
0.419608
0.422482
0.425366
0.428259
0.431162
0.434075
0.436998
0.43993
0.442873
0.445825
0.448787
0.451759
0.45474
0.457731
0.460733
0.463744
0.466764
0.469795
0.472835
0.475886
0.478945
0.482015
0.485095
0.488184
0.491283
0.494392
0.497511
0.50064
0.503778
0.506927
0.510085
0.513252
0.51643
0.519617
0.522815
0.526022
0.529239
0.532465
0.535702
0.538948
0.542204
0.54547
0.548745
0.552031
0.555326
0.558631
0.561946
0.565271
0.568605
0.571949
0.575303
0.578667
0.582041
0.585424
0.588818
0.592221
0.595633
0.599056
0.602489
0.605931
0.609383
0.612845
0.616316
0.619798
0.623289
0.62679
0.630301
0.633822
0.637352
0.640893
0.644443
0.648003
0.651572
0.655152
0.658741
0.66234
0.665949
0.669568
0.673196
0.676834
0.680483
0.68414
0.687808
0.691486
0.695173
0.69887
0.702577
0.706293
0.71002
0.713756
0.717502
0.721258
0.725024
0.728799
0.732585
0.73638
0.740184
0.743999
0.747824
0.751658
0.755502
0.759356
0.76322
0.767093
0.770976
0.774869
0.778772
0.782685
0.786607
0.79054
0.794482
0.798433
0.802395
0.806367
0.810348
0.814339
0.81834
0.82235
0.826371
0.830401
0.834441
0.838491
0.84255
0.84662
0.850699
0.854788
0.858887
0.862996
0.867114
0.871242
0.87538
0.879528
0.883686
0.887853
0.89203
0.896217
0.900414
0.90462
0.908837
0.913063
0.917299
0.921545
0.9258
0.930066
0.934341
0.938626
0.942921
0.947225
0.951539
0.955864
0.960198
0.964541
0.968895
0.973258
0.977631
0.982014
0.986407
0.990809
0.995222
0.999644
1.00408
1.00852
1.01297
1.01743
1.0219
1.02638
1.03087
1.03537
1.03988
1.0444
1.04893
1.05347
1.05802
1.06258
1.06715
1.07173
1.07632
1.08092
1.08552
1.09014
1.09477
1.09941
1.10406
1.10871
1.11338
1.11806
1.12274
1.12744
1.13215
1.13686
1.14159
1.14632
1.15107
1.15582
1.16059
1.16536
1.17015
1.17494
1.17974
1.18456
1.18938
1.19422
1.19906
1.20391
1.20878
1.21365
1.21853
1.22342
1.22832
1.23324
1.23816
1.24309
1.24803
1.25298
1.25794
1.26291
1.26789
1.27288
1.27788
1.28289
1.28791
1.29294
1.29798
1.30303
1.30809
1.31316
1.31823
1.32332
1.32842
1.33353
1.33865
1.34377
1.34891
1.35406
1.35921
1.36438
1.36955
1.37474
1.37994
1.38514
1.39036
1.39558
1.40082
1.40606
1.41132
1.41658
1.42185
1.42714
1.43243
1.43774
1.44305
1.44837
1.4537
1.45905
1.4644
1.46976
1.47513
1.48051
1.48591
1.49131
1.49672
1.50214
1.50757
1.51301
1.51846
1.52392
1.52939
1.53487
1.54036
1.54586
1.55137
1.55689
1.56241
1.56795
1.5735
1.57906
1.58463
1.5902
1.59579
1.60139
1.607
1.61261
1.61824
1.62387
1.62952
1.63518
1.64084
1.64652
1.6522
1.6579
1.6636
1.66932
1.67504
1.68077
1.68652
1.69227
1.69803
1.70381
1.70959
1.71538
1.72119
1.727
1.73282
1.73865
1.74449
1.75035
1.75621
1.76208
1.76796
1.77385
1.77975
1.78566
1.79158
1.79751
1.80345
1.8094
1.81536
1.82133
1.8273
1.83329
1.83929
1.8453
1.85132
1.85734
1.86338
1.86943
1.87549
1.88155
1.88763
1.89371
1.89981
1.90592
1.91203
1.91816
1.92429
1.93044
1.93659
1.94276
1.94893
1.95511
1.96131
1.96751
1.97373
1.97995
1.98618
1.99242
1.99868
2.00494
2.01121
2.01749
2.02379
2.03009
2.0364
2.04272
2.04905
2.05539
2.06174
2.0681
2.07447
2.08085
2.08724
2.09364
2.10005
2.10647
2.11289
2.11933
2.12578
2.13224
2.13871
2.14518
2.15167
2.15817
2.16467
2.17119
2.17772
2.18425
2.1908
2.19735
2.20392
2.21049
2.21708
2.22367
2.23028
2.23689
2.24352
2.25015
2.25679
2.26345
2.27011
2.27678
2.28347
2.29016
2.29686
2.30357
2.3103
2.31703
2.32377
2.33052
2.33728
2.34405
2.35083
2.35762
2.36442
2.37123
2.37805
2.38488
2.39172
2.39857
2.40543
2.4123
2.41918
2.42607
2.43296
2.43987
2.44679
2.45372
2.46065
2.4676
2.47456
2.48152
2.4885
2.49548
2.50248
2.50948
2.5165
2.52352
2.53056
2.5376
2.54466
2.55172
2.55879
2.56588
2.57297
2.58007
2.58719
2.59431
2.60144
2.60858
2.61574
2.6229
2.63007
2.63725
2.64444
2.65164
2.65885
2.66607
2.6733
2.68054
2.68779
2.69505
2.70232
2.7096
2.71689
2.72419
2.73149
2.73881
2.74614
2.75348
2.76082
2.76818
2.77555
2.78293
2.79031
2.79771
2.80511
2.81253
2.81996
2.82739
2.83484
2.84229
2.84976
2.85723
2.86471
2.87221
2.87971
2.88722
2.89475
2.90228
2.90982
2.91737
2.92494
2.93251
2.94009
2.94768
2.95528
2.96289
2.97052
2.97815
2.98579
2.99344
3.0011
3.00877
3.01645
3.02413
3.03183
3.03954
3.04726
3.05499
3.06273
3.07047
3.07823
3.086
3.09378
3.10156
3.10936
3.11717
3.12498
3.13281
3.14064
3.14849
3.15634
3.16421
3.17208
3.17997
3.18786
3.19577
3.20368
3.2116
3.21954
3.22748
3.23543
3.2434
3.25137
3.25935
3.26734
3.27534
3.28335
3.29138
3.29941
3.30745
3.3155
3.32356
3.33163
3.33971
3.3478
3.3559
3.36401
3.37212
3.38025
3.38839
3.39654
3.4047
3.41286
3.42104
3.42923
3.43743
3.44563
3.45385
3.46207
3.47031
3.47856
3.48681
3.49508
3.50335
3.51164
3.51993
3.52823
3.53655
3.54487
3.55321
3.56155
3.5699
3.57826
3.58664
3.59502
3.60341
3.61181
3.62022
3.62865
3.63708
3.64552
3.65397
3.66243
3.6709
3.67938
3.68787
3.69637
3.70488
3.71339
3.72192
3.73046
3.73901
3.74757
3.75613
3.76471
3.7733
3.7819
3.7905
3.79912
3.80774
3.81638
3.82503
3.83368
3.84235
3.85102
3.85971
3.8684
3.8771
3.88582
3.89454
3.90328
3.91202
3.92077
3.92953
3.93831
3.94709
3.95588
3.96468
3.97349
3.98232
3.99115
3.99999
4.00884
4.0177
4.02657
4.03545
4.04434
4.05324
4.06214
4.07106
4.07999
4.08893
4.09788
4.10683
4.1158
4.12478
4.13377
4.14276
4.15177
4.16079
4.16981
4.17885
4.18789
4.19695
4.20601
4.21509
4.22417
4.23327
4.24237
4.25148
4.26061
4.26974
4.27888
4.28803
4.2972
4.30637
4.31555
4.32474
4.33394
4.34316
4.35238
4.36161
4.37085
4.3801
4.38936
4.39863
4.40791
4.4172
4.42649
4.4358
4.44512
4.45445
4.46379
4.47313
4.48249
4.49186
4.50124
4.51062
4.52002
4.52942
4.53884
4.54826
4.5577
4.56715
4.5766
4.58606
4.59554
4.60502
4.61452
4.62402
4.63353
4.64306
4.65259
4.66213
4.67168
4.68124
4.69082
4.7004
4.70999
4.71959
4.7292
4.73882
4.74845
4.75809
4.76774
4.7774
4.78707
4.79675
4.80644
4.81613
4.82584
4.83556
4.84529
4.85502
4.86477
4.87453
4.88429
4.89407
4.90386
4.91365
4.92346
4.93327
4.9431
4.95293
4.96278
4.97263
4.98249
4.99237
5.00225
5.01214
5.02205
5.03196
5.04188
5.05181
5.06175
5.07171
5.08167
5.09164
5.10162
5.11161
5.12161
5.13162
5.14164
5.15167
5.16171
5.17175
5.18181
5.19188
5.20196
5.21205
5.22214
5.23225
5.24237
5.25249
5.26263
5.27278
5.28293
5.2931
5.30327
5.31346
5.32365
5.33386
5.34407
5.3543
5.36453
5.37477
5.38503
5.39529
5.40556
5.41584
5.42614
5.43644
5.44675
5.45707
5.4674
5.47774
5.48809
5.49845
5.50882
5.5192
5.52959
5.53999
5.5504
5.56082
5.57125
5.58168
5.59213
5.60259
5.61306
5.62353
5.63402
5.64452
5.65502
5.66554
5.67606
5.6866
5.69714
5.7077
5.71826
5.72884
5.73942
5.75001
5.76062
5.77123
5.78185
5.79249
5.80313
5.81378
5.82444
5.83511
5.84579
5.85649
5.86719
5.8779
5.88862
5.89935
5.91009
5.92083
5.93159
5.94236
5.95314
5.96393
5.97473
5.98553
5.99635
6.00718
6.01801
6.02886
6.03972
6.05058
6.06146
6.07234
6.08324
6.09414
6.10506
6.11598
6.12692
6.13786
6.14881
6.15978
6.17075
6.18173
6.19272
6.20373
6.21474
6.22576
6.23679
6.24783
6.25888
6.26994
6.28101
6.29209
6.30318
6.31428
6.32539
6.33651
6.34763
6.35877
6.36992
6.38108
6.39224
6.40342
6.41461
6.4258
6.43701
6.44823
6.45945
6.47069
6.48193
6.49319
6.50445
6.51572
6.52701
6.5383
6.5496
6.56092
6.57224
6.58357
6.59491
6.60626
6.61763
6.629
6.64038
6.65177
6.66317
6.67458
6.686
6.69743
6.70887
6.72032
6.73177
6.74324
6.75472
6.76621
6.77771
6.78921
6.80073
6.81226
6.82379
6.83534
6.84689
6.85846
6.87003
6.88162
6.89321
6.90482
6.91643
6.92805
6.93969
6.95133
6.96298
6.97465
6.98632
6.998
7.00969
7.02139
7.0331
7.04482
7.05655
7.06829
7.08004
7.0918
7.10357
7.11535
7.12714
7.13894
7.15075
7.16256
7.17439
7.18623
7.19807
7.20993
7.2218
7.23367
7.24556
7.25745
7.26936
7.28127
7.2932
7.30513
7.31708
7.32903
7.34099
7.35297
7.36495
7.37694
7.38894
7.40095
7.41298
7.42501
7.43705
7.4491
7.46116
7.47323
7.48531
7.4974
7.5095
7.52161
7.53372
7.54585
7.55799
7.57014
7.5823
7.59446
7.60664
7.61883
7.63102
7.64323
7.65544
7.66767
7.6799
7.69215
7.7044
7.71667
7.72894
7.74122
7.75352
7.76582
7.77813
7.79045
7.80278
7.81513
7.82748
7.83984
7.85221
7.86459
7.87698
7.88938
7.90179
7.91421
7.92664
7.93907
7.95152
7.96398
7.97645
7.98892
8.00141
8.01391
8.02641
8.03893
8.05146
8.06399
8.07654
8.08909
8.10166
8.11423
8.12681
8.13941
8.15201
8.16462
8.17725
8.18988
8.20252
8.21517
8.22783
8.2405
8.25319
8.26588
8.27858
8.29129
8.304
8.31673
8.32947
8.34222
8.35498
8.36775
8.38052
8.39331
8.40611
8.41892
8.43173
8.44456
8.45739
8.47024
8.48309
8.49596
8.50883
8.52172
8.53461
8.54751
8.56043
8.57335
8.58628
8.59923
8.61218
8.62514
8.63811
8.65109
8.66408
8.67708
8.69009
8.70311
8.71614
8.72918
8.74223
8.75529
8.76836
8.78143
8.79452
8.80762
8.82072
8.83384
8.84697
8.8601
8.87325
8.8864
8.89957
8.91274
8.92593
8.93912
8.95233
8.96554
8.97876
8.99199
9.00524
9.01849
9.03175
9.04502
9.0583
9.07159
9.08489
9.0982
9.11152
9.12485
9.13819
9.15154
9.1649
9.17827
9.19164
9.20503
9.21843
9.23184
9.24525
9.25868
9.27211
9.28556
9.29902
9.31248
9.32595
9.33944
9.35293
9.36644
9.37995
9.39347
9.407
9.42055
9.4341
9.44766
9.46123
9.47481
9.4884
9.502
9.51561
9.52923
9.54286
9.5565
9.57015
9.58381
9.59748
9.61115
9.62484
9.63854
9.65224
9.66596
9.67969
9.69342
9.70717
9.72092
9.73469
9.74846
9.76224
9.77604
9.78984
9.80365
9.81748
9.83131
9.84515
9.859
9.87286
9.88673
9.90062
9.91451
9.92841
9.94232
9.95623
9.97016
9.9841
9.99805
10.012
10.026
10.04
10.0539
10.0679
10.0819
10.096
10.11
10.124
10.1381
10.1521
10.1662
10.1803
10.1943
10.2084
10.2225
10.2366
10.2508
10.2649
10.279
10.2932
10.3074
10.3215
10.3357
10.3499
10.3641
10.3783
10.3925
10.4068
10.421
10.4352
10.4495
10.4638
10.478
10.4923
10.5066
10.5209
10.5352
10.5496
10.5639
10.5782
10.5926
10.607
10.6213
10.6357
10.6501
10.6645
10.6789
10.6933
10.7078
10.7222
10.7367
10.7511
10.7656
10.7801
10.7946
10.8091
10.8236
10.8381
10.8526
10.8672
10.8817
10.8963
10.9108
10.9254
10.94
10.9546
10.9692
10.9838
10.9984
11.0131
11.0277
11.0424
11.057
11.0717
11.0864
11.1011
11.1158
11.1305
11.1452
11.1599
11.1747
11.1894
11.2042
11.2189
11.2337
11.2485
11.2633
11.2781
11.2929
11.3078
11.3226
11.3374
11.3523
11.3672
11.382
11.3969
11.4118
11.4267
11.4416
11.4566
11.4715
11.4864
11.5014
11.5164
11.5313
11.5463
11.5613
11.5763
11.5913
11.6063
11.6214
11.6364
11.6514
11.6665
11.6816
11.6966
11.7117
11.7268
11.7419
11.7571
11.7722
11.7873
11.8025
11.8176
11.8328
11.8479
11.8631
11.8783
11.8935
11.9087
11.924
11.9392
11.9544
11.9697
11.9849
12.0002
12.0155
12.0308
12.0461
12.0614
12.0767
12.092
12.1074
12.1227
12.1381
12.1534
12.1688
12.1842
12.1996
12.215
12.2304
12.2458
12.2613
12.2767
12.2922
12.3076
12.3231
12.3386
12.3541
12.3696
12.3851
12.4006
12.4162
12.4317
12.4472
12.4628
12.4784
12.4939
12.5095
12.5251
12.5407
12.5564
12.572
12.5876
12.6033
12.6189
12.6346
12.6503
12.6659
12.6816
12.6973
12.7131
12.7288
12.7445
12.7602
12.776
12.7918
12.8075
12.8233
12.8391
12.8549
12.8707
12.8865
12.9024
12.9182
12.934
12.9499
12.9658
12.9816
12.9975
13.0134
13.0293
13.0452
13.0612
13.0771
13.0931
13.109
13.125
13.1409
13.1569
13.1729
13.1889
13.2049
13.221
13.237
13.253
13.2691
13.2851
13.3012
13.3173
13.3334
13.3495
13.3656
13.3817
13.3978
13.414
13.4301
13.4463
13.4624
13.4786
13.4948
13.511
13.5272
13.5434
13.5596
13.5758
13.5921
13.6083
13.6246
13.6409
13.6571
13.6734
13.6897
13.706
13.7224
13.7387
13.755
13.7714
13.7877
13.8041
13.8205
13.8369
13.8533
13.8697
13.8861
13.9025
13.9189
13.9354
13.9518
13.9683
13.9848
14.0013
14.0177
14.0342
14.0508
14.0673
14.0838
14.1004
14.1169
14.1335
14.15
14.1666
14.1832
14.1998
14.2164
14.233
14.2496
14.2663
14.2829
14.2996
14.3162
14.3329
14.3496
14.3663
14.383
14.3997
14.4164
14.4332
14.4499
14.4667
14.4834
14.5002
14.517
14.5338
14.5506
14.5674
14.5842
14.601
14.6178
14.6347
14.6515
14.6684
14.6853
14.7022
14.7191
14.736
14.7529
14.7698
14.7867
14.8037
14.8206
14.8376
14.8546
14.8716
14.8885
14.9056
14.9226
14.9396
14.9566
14.9736
14.9907
15.0078
15.0248
15.0419
15.059
15.0761
15.0932
15.1103
15.1274
15.1446
15.1617
15.1789
15.196
15.2132
15.2304
15.2476
15.2648
15.282
15.2992
15.3164
15.3337
15.3509
15.3682
15.3855
15.4027
15.42
15.4373
15.4546
15.4719
15.4893
15.5066
15.524
15.5413
15.5587
15.576
15.5934
15.6108
15.6282
15.6456
15.6631
15.6805
15.6979
15.7154
15.7329
15.7503
15.7678
15.7853
15.8028
15.8203
15.8378
15.8553
15.8729
15.8904
15.908
15.9255
15.9431
15.9607
15.9783
15.9959
16.0135
16.0311
16.0488
16.0664
16.0841
16.1017
16.1194
16.1371
16.1548
16.1725
16.1902
16.2079
16.2256
16.2434
16.2611
16.2789
16.2966
16.3144
16.3322
16.35
16.3678
16.3856
16.4035
16.4213
16.4391
16.457
16.4748
16.4927
16.5106
16.5285
16.5464
16.5643
16.5822
16.6001
16.6181
16.636
16.654
16.672
16.6899
16.7079
16.7259
16.7439
16.7619
16.78
16.798
16.816
16.8341
16.8522
16.8702
16.8883
16.9064
16.9245
16.9426
16.9607
16.9789
16.997
17.0152
17.0333
17.0515
17.0697
17.0879
17.1061
17.1243
17.1425
17.1607
17.179
17.1972
17.2155
17.2337
17.252
17.2703
17.2886
17.3069
17.3252
17.3435
17.3618
17.3802
17.3985
17.4169
17.4353
17.4536
17.472
17.4904
17.5088
17.5273
17.5457
17.5641
17.5826
17.601
17.6195
17.638
17.6564
17.6749
17.6934
17.712
17.7305
17.749
17.7675
17.7861
17.8047
17.8232
17.8418
17.8604
17.879
17.8976
17.9162
17.9348
17.9535
17.9721
17.9908
18.0095
18.0281
18.0468
18.0655
18.0842
18.1029
18.1216
18.1404
18.1591
18.1779
18.1966
18.2154
18.2342
18.253
18.2718
18.2906
18.3094
18.3282
18.3471
18.3659
18.3848
18.4036
18.4225
18.4414
18.4603
18.4792
18.4981
18.517
18.536
18.5549
18.5738
18.5928
18.6118
18.6308
18.6497
18.6687
18.6878
18.7068
18.7258
18.7448
18.7639
18.7829
18.802
18.8211
18.8402
18.8593
18.8784
18.8975
18.9166
18.9357
18.9549
18.974
18.9932
19.0124
19.0315
19.0507
19.0699
19.0891
19.1084
19.1276
19.1468
19.1661
19.1853
19.2046
19.2239
19.2432
19.2624
19.2818
19.3011
19.3204
19.3397
19.3591
19.3784
19.3978
19.4171
19.4365
19.4559
19.4753
19.4947
19.5141
19.5336
19.553
19.5725
19.5919
19.6114
19.6309
19.6503
19.6698
19.6893
19.7089
19.7284
19.7479
19.7675
19.787
19.8066
19.8261
19.8457
19.8653
19.8849
19.9045
19.9241
19.9438
19.9634
19.9831
20.0027
20.0224
20.0421
20.0617
20.0814
20.1011
20.1209
20.1406
20.1603
20.1801
20.1998
20.2196
20.2393
20.2591
20.2789
20.2987
20.3185
20.3383
20.3582
20.378
20.3979
20.4177
20.4376
20.4575
20.4773
20.4972
20.5171
20.5371
20.557
20.5769
20.5969
20.6168
20.6368
20.6567
20.6767
20.6967
20.7167
20.7367
20.7567
20.7768
20.7968
20.8169
20.8369
20.857
20.8771
20.8971
20.9172
20.9373
20.9574
20.9776
20.9977
21.0178
21.038
21.0582
21.0783
21.0985
21.1187
21.1389
21.1591
21.1793
21.1995
21.2198
21.24
21.2603
21.2806
21.3008
21.3211
21.3414
21.3617
21.382
21.4023
21.4227
21.443
21.4634
21.4837
21.5041
21.5245
21.5449
21.5653
21.5857
21.6061
21.6265
21.647
21.6674
21.6879
21.7083
21.7288
21.7493
21.7698
21.7903
21.8108
21.8313
21.8518
21.8724
21.8929
21.9135
21.9341
21.9546
21.9752
21.9958
22.0164
22.0371
22.0577
22.0783
22.099
22.1196
22.1403
22.161
22.1816
22.2023
22.223
22.2437
22.2645
22.2852
22.3059
22.3267
22.3474
22.3682
22.389
22.4098
22.4306
22.4514
22.4722
22.493
22.5139
22.5347
22.5556
22.5764
22.5973
22.6182
22.6391
22.66
22.6809
22.7018
22.7227
22.7437
22.7646
22.7856
22.8065
22.8275
22.8485
22.8695
22.8905
22.9115
22.9326
22.9536
22.9746
22.9957
23.0167
23.0378
23.0589
23.08
23.1011
23.1222
23.1433
23.1645
23.1856
23.2067
23.2279
23.2491
23.2702
23.2914
23.3126
23.3338
23.355
23.3763
23.3975
23.4187
23.44
23.4612
23.4825
23.5038
23.5251
23.5464
23.5677
23.589
23.6103
23.6317
23.653
23.6744
23.6957
23.7171
23.7385
23.7599
23.7813
23.8027
23.8241
23.8456
23.867
23.8885
23.9099
23.9314
23.9529
23.9744
23.9959
24.0174
24.0389
24.0604
24.0819
24.1035
24.125
24.1466
24.1682
24.1898
24.2114
24.233
24.2546
24.2762
24.2978
24.3195
24.3411
24.3628
24.3844
24.4061
24.4278
24.4495
24.4712
24.4929
24.5147
24.5364
24.5581
24.5799
24.6016
24.6234
24.6452
24.667
24.6888
24.7106
24.7324
24.7543
24.7761
24.7979
24.8198
24.8417
24.8635
24.8854
24.9073
24.9292
24.9511
24.9731
24.995
25.0169
25.0389
25.0608
25.0828
25.1048
25.1268
25.1488
25.1708
25.1928
25.2148
25.2369
25.2589
25.281
25.303
25.3251
25.3472
25.3693
25.3914
25.4135
25.4356
25.4578
25.4799
25.5021
25.5242
25.5464
25.5686
25.5907
25.6129
25.6352
25.6574
25.6796
25.7018
25.7241
25.7463
25.7686
25.7909
25.8131
25.8354
25.8577
25.8801
25.9024
25.9247
25.947
25.9694
25.9917
26.0141
26.0365
26.0589
26.0813
26.1037
26.1261
26.1485
26.1709
26.1934
26.2158
26.2383
26.2608
26.2833
26.3057
26.3282
26.3507
26.3733
26.3958
26.4183
26.4409
26.4634
26.486
26.5086
26.5312
26.5538
26.5764
26.599
26.6216
26.6442
26.6669
26.6895
26.7122
26.7348
26.7575
26.7802
26.8029
26.8256
26.8483
26.8711
26.8938
26.9165
26.9393
26.962
26.9848
27.0076
27.0304
27.0532
27.076
27.0988
27.1216
27.1445
27.1673
27.1902
27.2131
27.2359
27.2588
27.2817
27.3046
27.3275
27.3505
27.3734
27.3963
27.4193
27.4422
27.4652
27.4882
27.5112
27.5342
27.5572
27.5802
27.6032
27.6263
27.6493
27.6724
27.6954
27.7185
27.7416
27.7647
27.7878
27.8109
27.834
27.8571
27.8803
27.9034
27.9266
27.9498
27.9729
27.9961
28.0193
28.0425
28.0657
28.089
28.1122
28.1354
28.1587
28.182
28.2052
28.2285
28.2518
28.2751
28.2984
28.3217
28.345
28.3684
28.3917
28.4151
28.4384
28.4618
28.4852
28.5086
28.532
28.5554
28.5788
28.6023
28.6257
28.6492
28.6726
28.6961
28.7196
28.7431
28.7665
28.7901
28.8136
28.8371
28.8606
28.8842
28.9077
28.9313
28.9549
28.9784
29.002
29.0256
29.0492
29.0729
29.0965
29.1201
29.1438
29.1674
29.1911
29.2148
29.2385
29.2621
29.2859
29.3096
29.3333
29.357
29.3808
29.4045
29.4283
29.452
29.4758
29.4996
29.5234
29.5472
29.571
29.5948
29.6187
29.6425
29.6664
29.6902
29.7141
29.738
29.7619
29.7858
29.8097
29.8336
29.8575
29.8815
29.9054
29.9294
29.9534
29.9773
30.0013
30.0253
30.0493
30.0733
30.0973
30.1214
30.1454
30.1695
30.1935
30.2176
30.2417
30.2658
30.2899
30.314
30.3381
30.3622
30.3863
30.4105
30.4346
30.4588
30.483
30.5072
30.5313
30.5555
30.5798
30.604
30.6282
30.6524
30.6767
30.7009
30.7252
30.7495
30.7738
30.7981
30.8224
30.8467
30.871
30.8953
30.9197
30.944
30.9684
30.9928
31.0171
31.0415
31.0659
31.0903
31.1147
31.1392
31.1636
31.188
31.2125
31.237
31.2614
31.2859
31.3104
31.3349
31.3594
31.3839
31.4085
31.433
31.4575
31.4821
31.5067
31.5312
31.5558
31.5804
31.605
31.6296
31.6542
31.6789
31.7035
31.7282
31.7528
31.7775
31.8022
31.8269
31.8515
31.8763
31.901
31.9257
31.9504
31.9752
31.9999
32.0247
32.0495
32.0742
32.099
32.1238
32.1486
32.1735
32.1983
32.2231
32.248
32.2728
32.2977
32.3226
32.3474
32.3723
32.3972
32.4221
32.4471
32.472
32.4969
32.5219
32.5468
32.5718
32.5968
32.6218
32.6468
32.6718
32.6968
32.7218
32.7468
32.7719
32.7969
32.822
32.8471
32.8721
32.8972
32.9223
32.9474
32.9725
32.9977
33.0228
33.048
33.0731
33.0983
33.1234
33.1486
33.1738
33.199
33.2242
33.2494
33.2747
33.2999
33.3252
33.3504
33.3757
33.401
33.4262
33.4515
33.4768
33.5022
33.5275
33.5528
33.5781
33.6035
33.6289
33.6542
33.6796
33.705
33.7304
33.7558
33.7812
33.8066
33.8321
33.8575
33.883
33.9084
33.9339
33.9594
33.9849
34.0104
34.0359
34.0614
34.0869
34.1125
34.138
34.1636
34.1891
34.2147
34.2403
34.2659
34.2915
34.3171
34.3427
34.3683
34.394
34.4196
34.4453
34.4709
34.4966
34.5223
34.548
34.5737
34.5994
34.6251
34.6509
34.6766
34.7024
34.7281
34.7539
34.7797
34.8055
34.8312
34.8571
34.8829
34.9087
34.9345
34.9604
34.9862
35.0121
35.038
35.0638
35.0897
35.1156
35.1415
35.1675
35.1934
35.2193
35.2453
35.2712
35.2972
35.3232
35.3491
35.3751
35.4011
35.4271
35.4532
35.4792
35.5052
35.5313
35.5573
35.5834
35.6095
35.6356
35.6617
35.6878
35.7139
35.74
35.7661
35.7923
35.8184
35.8446
35.8708
35.8969
35.9231
35.9493
35.9755
36.0017
36.028
36.0542
36.0804
36.1067
36.133
36.1592
36.1855
36.2118
36.2381
36.2644
36.2907
36.317
36.3434
36.3697
36.3961
36.4224
36.4488
36.4752
36.5016
36.528
36.5544
36.5808
36.6073
36.6337
36.6601
36.6866
36.7131
36.7395
36.766
36.7925
36.819
36.8455
36.8721
36.8986
36.9251
36.9517
36.9782
37.0048
37.0314
37.058
37.0846
37.1112
37.1378
37.1644
37.191
37.2177
37.2443
37.271
37.2977
37.3243
37.351
37.3777
37.4044
37.4312
37.4579
37.4846
37.5114
37.5381
37.5649
37.5916
37.6184
37.6452
37.672
37.6988
37.7256
37.7525
37.7793
37.8062
37.833
37.8599
37.8868
37.9136
37.9405
37.9674
37.9943
38.0213
38.0482
38.0751
38.1021
38.129
38.156
38.183
38.21
38.237
38.264
38.291
38.318
38.345
38.3721
38.3991
38.4262
38.4532
38.4803
38.5074
38.5345
38.5616
38.5887
38.6158
38.643
38.6701
38.6973
38.7244
38.7516
38.7788
38.806
38.8332
38.8604
38.8876
38.9148
38.942
38.9693
38.9965
39.0238
39.0511
39.0783
39.1056
39.1329
39.1602
39.1875
39.2149
39.2422
39.2695
39.2969
39.3243
39.3516
39.379
39.4064
39.4338
39.4612
39.4886
39.516
39.5435
39.5709
39.5984
39.6258
39.6533
39.6808
39.7082
39.7357
39.7632
39.7908
39.8183
39.8458
39.8734
39.9009
39.9285
39.956
39.9836
40.0112
40.0388
40.0664
40.094
40.1216
40.1493
40.1769
40.2045
40.2322
40.2599
40.2875
40.3152
40.3429
40.3706
40.3983
40.4261
40.4538
40.4815
40.5093
40.537
40.5648
40.5926
40.6203
40.6481
40.6759
40.7037
40.7316
40.7594
40.7872
40.8151
40.8429
40.8708
40.8987
40.9265
40.9544
40.9823
41.0102
41.0382
41.0661
41.094
41.1219
41.1499
41.1779
41.2058
41.2338
41.2618
41.2898
41.3178
41.3458
41.3738
41.4019
41.4299
41.4579
41.486
41.5141
41.5421
41.5702
41.5983
41.6264
41.6545
41.6826
41.7108
41.7389
41.767
41.7952
41.8234
41.8515
41.8797
41.9079
41.9361
41.9643
41.9925
42.0207
42.049
42.0772
42.1055
42.1337
42.162
42.1903
42.2185
42.2468
42.2751
42.3034
42.3318
42.3601
42.3884
42.4168
42.4451
42.4735
42.5019
42.5302
42.5586
42.587
42.6154
42.6438
42.6723
42.7007
42.7291
42.7576
42.786
42.8145
42.843
42.8715
42.9
42.9285
42.957
42.9855
43.014
43.0425
43.0711
43.0996
43.1282
43.1568
43.1853
43.2139
43.2425
43.2711
43.2997
43.3284
43.357
43.3856
43.4143
43.4429
43.4716
43.5003
43.5289
43.5576
43.5863
43.615
43.6437
43.6725
43.7012
43.7299
43.7587
43.7874
43.8162
43.845
43.8738
43.9026
43.9314
43.9602
43.989
44.0178
44.0466
44.0755
44.1043
44.1332
44.1621
44.1909
44.2198
44.2487
44.2776
44.3065
44.3354
44.3644
44.3933
44.4222
44.4512
44.4802
44.5091
44.5381
44.5671
44.5961
44.6251
44.6541
44.6831
44.7121
44.7412
44.7702
44.7993
44.8283
44.8574
44.8865
44.9156
44.9447
44.9738
45.0029
45.032
45.0611
45.0903
45.1194
45.1486
45.1777
45.2069
45.2361
45.2653
45.2945
45.3237
45.3529
45.3821
45.4113
45.4406
45.4698
45.4991
45.5283
45.5576
45.5869
45.6162
45.6455
45.6748
45.7041
45.7334
45.7627
45.7921
45.8214
45.8508
45.8801
45.9095
45.9389
45.9683
45.9977
46.0271
46.0565
46.0859
46.1153
46.1447
46.1742
46.2036
46.2331
46.2626
46.2921
46.3215
46.351
46.3805
46.41
46.4396
46.4691
46.4986
46.5282
46.5577
46.5873
46.6169
46.6464
46.676
46.7056
46.7352
46.7648
46.7944
46.8241
46.8537
46.8833
46.913
46.9426
46.9723
47.002
47.0317
47.0614
47.0911
47.1208
47.1505
47.1802
47.2099
47.2397
47.2694
47.2992
47.3289
47.3587
47.3885
47.4183
47.4481
47.4779
47.5077
47.5375
47.5673
47.5972
47.627
47.6569
47.6867
47.7166
47.7465
47.7764
47.8063
47.8362
47.8661
47.896
47.9259
47.9559
47.9858
48.0158
48.0457
48.0757
48.1057
48.1356
48.1656
48.1956
48.2256
48.2557
48.2857
48.3157
48.3458
48.3758
48.4059
48.4359
48.466
48.4961
48.5262
48.5563
48.5864
48.6165
48.6466
48.6767
48.7069
48.737
48.7671
48.7973
48.8275
48.8576
48.8878
48.918
48.9482
48.9784
49.0086
49.0389
49.0691
49.0993
49.1296
49.1598
49.1901
49.2204
49.2507
49.2809
49.3112
49.3415
49.3719
49.4022
49.4325
49.4628
49.4932
49.5235
49.5539
49.5843
49.6146
49.645
49.6754
49.7058
49.7362
49.7666
49.797
49.8275
49.8579
49.8884
49.9188
49.9493
49.9797
50.0102
50.0407
50.0712
50.1017
50.1322
50.1627
50.1933
50.2238
50.2543
50.2849
50.3154
50.346
50.3766
50.4071
50.4377
50.4683
50.4989
50.5295
50.5602
50.5908
50.6214
50.6521
50.6827
50.7134
50.744
50.7747
50.8054
50.8361
50.8668
50.8975
50.9282
50.9589
50.9896
51.0204
51.0511
51.0819
51.1126
51.1434
51.1742
51.205
51.2357
51.2665
51.2974
51.3282
51.359
51.3898
51.4207
51.4515
51.4824
51.5132
51.5441
51.575
51.6058
51.6367
51.6676
51.6985
51.7295
51.7604
51.7913
51.8222
51.8532
51.8841
51.9151
51.9461
51.977
52.008
52.039
52.07
52.101
52.132
52.1631
52.1941
52.2251
52.2562
52.2872
52.3183
52.3493
52.3804
52.4115
52.4426
52.4737
52.5048
52.5359
52.5671
52.5982
52.6293
52.6605
52.6916
52.7228
52.754
52.7851
52.8163
52.8475
52.8787
52.9099
52.9411
52.9724
53.0036
53.0348
53.0661
53.0973
53.1286
53.1599
53.1911
53.2224
53.2537
53.285
53.3163
53.3476
53.379
53.4103
53.4416
53.473
53.5043
53.5357
53.5671
53.5984
53.6298
53.6612
53.6926
53.724
53.7554
53.7868
53.8183
53.8497
53.8811
53.9126
53.944
53.9755
54.007
54.0384
54.0699
54.1014
54.1329
54.1644
54.196
54.2275
54.259
54.2906
54.3221
54.3537
54.3852
54.4168
54.4484
54.48
54.5115
54.5431
54.5748
54.6064
54.638
54.6696
54.7013
54.7329
54.7646
54.7962
54.8279
54.8596
54.8913
54.9229
54.9546
54.9863
55.0181
55.0498
55.0815
55.1132
55.145
55.1767
55.2085
55.2402
55.272
55.3038
55.3356
55.3674
55.3992
55.431
55.4628
55.4946
55.5265
55.5583
55.5902
55.622
55.6539
55.6857
55.7176
55.7495
55.7814
55.8133
55.8452
55.8771
55.909
55.941
55.9729
56.0048
56.0368
56.0687
56.1007
56.1327
56.1647
56.1966
56.2286
56.2606
56.2927
56.3247
56.3567
56.3887
56.4208
56.4528
56.4849
56.5169
56.549
56.5811
56.6132
56.6452
56.6773
56.7094
56.7416
56.7737
56.8058
56.8379
56.8701
56.9022
56.9344
56.9665
56.9987
57.0309
57.0631
57.0953
57.1275
57.1597
57.1919
57.2241
57.2563
57.2886
57.3208
57.3531
57.3853
57.4176
57.4499
57.4822
57.5144
57.5467
57.579
57.6114
57.6437
57.676
57.7083
57.7407
57.773
57.8054
57.8377
57.8701
57.9025
57.9348
57.9672
57.9996
58.032
58.0644
58.0969
58.1293
58.1617
58.1942
58.2266
58.2591
58.2915
58.324
58.3565
58.389
58.4214
58.4539
58.4864
58.519
58.5515
58.584
58.6165
58.6491
58.6816
58.7142
58.7467
58.7793
58.8119
58.8445
58.8771
58.9097
58.9423
58.9749
59.0075
59.0401
59.0728
59.1054
59.1381
59.1707
59.2034
59.236
59.2687
59.3014
59.3341
59.3668
59.3995
59.4322
59.4649
59.4977
59.5304
59.5631
59.5959
59.6286
59.6614
59.6942
59.727
59.7597
59.7925
59.8253
59.8581
59.8909
59.9238
59.9566
59.9894
60.0223
60.0551
60.088
60.1208
60.1537
60.1866
60.2195
60.2524
60.2853
60.3182
60.3511
60.384
60.4169
60.4499
60.4828
60.5157
60.5487
60.5817
60.6146
60.6476
60.6806
60.7136
60.7466
60.7796
60.8126
60.8456
60.8786
60.9117
60.9447
60.9777
61.0108
61.0439
61.0769
61.11
61.1431
61.1762
61.2093
61.2424
61.2755
61.3086
61.3417
61.3749
61.408
61.4411
61.4743
61.5074
61.5406
61.5738
61.607
61.6402
61.6733
61.7065
61.7398
61.773
61.8062
61.8394
61.8727
61.9059
61.9391
61.9724
62.0057
62.0389
62.0722
62.1055
62.1388
62.1721
62.2054
62.2387
62.272
62.3054
62.3387
62.372
62.4054
62.4387
62.4721
62.5055
62.5388
62.5722
62.6056
62.639
62.6724
62.7058
62.7392
62.7726
62.8061
62.8395
62.873
62.9064
62.9399
62.9733
63.0068
63.0403
63.0738
63.1073
63.1408
63.1743
63.2078
63.2413
63.2748
63.3084
63.3419
63.3754
63.409
63.4426
63.4761
63.5097
63.5433
63.5769
63.6105
63.6441
63.6777
63.7113
63.7449
63.7785
63.8122
63.8458
63.8795
63.9131
63.9468
63.9805
64.0142
64.0478
64.0815
64.1152
64.1489
64.1826
64.2164
64.2501
64.2838
64.3176
64.3513
64.3851
64.4188
64.4526
64.4864
64.5201
64.5539
64.5877
64.6215
64.6553
64.6891
64.723
64.7568
64.7906
64.8245
64.8583
64.8922
64.926
64.9599
64.9938
65.0277
65.0616
65.0955
65.1294
65.1633
65.1972
65.2311
65.265
65.299
65.3329
65.3669
65.4008
65.4348
65.4688
65.5027
65.5367
65.5707
65.6047
65.6387
65.6727
65.7067
65.7408
65.7748
65.8088
65.8429
65.8769
65.911
65.945
65.9791
66.0132
66.0473
66.0814
66.1155
66.1496
66.1837
66.2178
66.2519
66.2861
66.3202
66.3543
66.3885
66.4227
66.4568
66.491
66.5252
66.5594
66.5936
66.6278
66.662
66.6962
66.7304
66.7646
66.7988
66.8331
66.8673
66.9016
66.9358
66.9701
67.0044
67.0387
67.0729
67.1072
67.1415
67.1758
67.2102
67.2445
67.2788
67.3131
67.3475
67.3818
67.4162
67.4505
67.4849
67.5193
67.5536
67.588
67.6224
67.6568
67.6912
67.7256
67.7601
67.7945
67.8289
67.8633
67.8978
67.9323
67.9667
68.0012
68.0356
68.0701
68.1046
68.1391
68.1736
68.2081
68.2426
68.2771
68.3117
68.3462
68.3807
68.4153
68.4498
68.4844
68.5189
68.5535
68.5881
68.6227
68.6573
68.6919
68.7265
68.7611
68.7957
68.8303
68.8649
68.8996
68.9342
68.9689
69.0035
69.0382
69.0729
69.1075
69.1422
69.1769
69.2116
69.2463
69.281
69.3157
69.3504
69.3852
69.4199
69.4547
69.4894
69.5241
69.5589
69.5937
69.6284
69.6632
69.698
69.7328
69.7676
69.8024
69.8372
69.872
69.9069
69.9417
69.9765
70.0114
70.0462
70.0811
70.116
70.1508
70.1857
70.2206
70.2555
70.2904
70.3253
70.3602
70.3951
70.43
70.465
70.4999
70.5348
70.5698
70.6047
70.6397
70.6747
70.7096
70.7446
70.7796
70.8146
70.8496
70.8846
70.9196
70.9546
70.9897
71.0247
71.0597
71.0948
71.1298
71.1649
71.2
71.235
71.2701
71.3052
71.3403
71.3754
71.4105
71.4456
71.4807
71.5158
71.551
71.5861
71.6212
71.6564
71.6915
71.7267
71.7619
71.797
71.8322
71.8674
71.9026
71.9378
71.973
72.0082
72.0434
72.0787
72.1139
72.1491
72.1844
72.2196
72.2549
72.2902
72.3254
72.3607
72.396
72.4313
72.4666
72.5019
72.5372
72.5725
72.6078
72.6431
72.6785
72.7138
72.7492
72.7845
72.8199
72.8552
72.8906
72.926
72.9614
72.9968
73.0322
73.0676
73.103
73.1384
73.1738
73.2092
73.2447
73.2801
73.3156
73.351
73.3865
73.422
73.4574
73.4929
73.5284
73.5639
73.5994
73.6349
73.6704
73.7059
73.7414
73.777
73.8125
73.848
73.8836
73.9191
73.9547
73.9903
74.0258
74.0614
74.097
74.1326
74.1682
74.2038
74.2394
74.275
74.3107
74.3463
74.3819
74.4176
74.4532
74.4889
74.5245
74.5602
74.5959
74.6316
74.6672
74.7029
74.7386
74.7743
74.8101
74.8458
74.8815
74.9172
74.953
74.9887
75.0245
