2923.38
2923.38
2923.38
2923.38
2923.38
2923.38
2923.38
2923.38
2923.38
2923.38
2923.38
2923.38
2923.38
2923.38
2923.38
2923.38
2923.37
2923.37
2923.37
2923.37
2923.37
2923.37
2923.37
2923.37
2923.37
2923.37
2923.37
2923.36
2923.36
2923.36
2923.36
2923.36
2923.36
2923.36
2923.35
2923.35
2923.35
2923.35
2923.35
2923.35
2923.35
2923.34
2923.34
2923.34
2923.34
2923.34
2923.33
2923.33
2923.33
2923.33
2923.33
2923.32
2923.32
2923.32
2923.32
2923.31
2923.31
2923.31
2923.31
2923.3
2923.3
2923.3
2923.3
2923.29
2923.29
2923.29
2923.29
2923.28
2923.28
2923.28
2923.27
2923.27
2923.27
2923.26
2923.26
2923.26
2923.25
2923.25
2923.25
2923.24
2923.24
2923.24
2923.23
2923.23
2923.23
2923.22
2923.22
2923.22
2923.21
2923.21
2923.2
2923.2
2923.2
2923.19
2923.19
2923.18
2923.18
2923.18
2923.17
2923.17
2923.16
2923.16
2923.15
2923.15
2923.15
2923.14
2923.14
2923.13
2923.13
2923.12
2923.12
2923.11
2923.11
2923.1
2923.1
2923.09
2923.09
2923.08
2923.08
2923.07
2923.07
2923.06
2923.06
2923.05
2923.05
2923.04
2923.04
2923.03
2923.02
2923.02
2923.01
2923.01
2923
2923
2922.99
2922.99
2922.98
2922.97
2922.97
2922.96
2922.96
2922.95
2922.94
2922.94
2922.93
2922.92
2922.92
2922.91
2922.91
2922.9
2922.89
2922.89
2922.88
2922.87
2922.87
2922.86
2922.85
2922.85
2922.84
2922.83
2922.83
2922.82
2922.81
2922.8
2922.8
2922.79
2922.78
2922.78
2922.77
2922.76
2922.75
2922.75
2922.74
2922.73
2922.72
2922.72
2922.71
2922.7
2922.69
2922.69
2922.68
2922.67
2922.66
2922.65
2922.65
2922.64
2922.63
2922.62
2922.61
2922.61
2922.6
2922.59
2922.58
2922.57
2922.56
2922.56
2922.55
2922.54
2922.53
2922.52
2922.51
2922.5
2922.5
2922.49
2922.48
2922.47
2922.46
2922.45
2922.44
2922.43
2922.42
2922.42
2922.41
2922.4
2922.39
2922.38
2922.37
2922.36
2922.35
2922.34
2922.33
2922.32
2922.31
2922.3
2922.29
2922.28
2922.27
2922.26
2922.25
2922.24
2922.23
2922.22
2922.21
2922.2
2922.19
2922.18
2922.17
2922.16
2922.15
2922.14
2922.13
2922.12
2922.11
2922.1
2922.09
2922.08
2922.07
2922.06
2922.05
2922.04
2922.03
2922.02
2922
2921.99
2921.98
2921.97
2921.96
2921.95
2921.94
2921.93
2921.92
2921.9
2921.89
2921.88
2921.87
2921.86
2921.85
2921.84
2921.82
2921.81
2921.8
2921.79
2921.78
2921.77
2921.75
2921.74
2921.73
2921.72
2921.71
2921.69
2921.68
2921.67
2921.66
2921.65
2921.63
2921.62
2921.61
2921.6
2921.58
2921.57
2921.56
2921.55
2921.53
2921.52
2921.51
2921.49
2921.48
2921.47
2921.46
2921.44
2921.43
2921.42
2921.4
2921.39
2921.38
2921.36
2921.35
2921.34
2921.33
2921.31
2921.3
2921.28
2921.27
2921.26
2921.24
2921.23
2921.22
2921.2
2921.19
2921.18
2921.16
2921.15
2921.13
2921.12
2921.11
2921.09
2921.08
2921.06
2921.05
2921.04
2921.02
2921.01
2920.99
2920.98
2920.96
2920.95
2920.93
2920.92
2920.91
2920.89
2920.88
2920.86
2920.85
2920.83
2920.82
2920.8
2920.79
2920.77
2920.76
2920.74
2920.73
2920.71
2920.7
2920.68
2920.67
2920.65
2920.64
2920.62
2920.6
2920.59
2920.57
2920.56
2920.54
2920.53
2920.51
2920.49
2920.48
2920.46
2920.45
2920.43
2920.42
2920.4
2920.38
2920.37
2920.35
2920.33
2920.32
2920.3
2920.29
2920.27
2920.25
2920.24
2920.22
2920.2
2920.19
2920.17
2920.15
2920.14
2920.12
2920.1
2920.09
2920.07
2920.05
2920.04
2920.02
2920
2919.98
2919.97
2919.95
2919.93
2919.92
2919.9
2919.88
2919.86
2919.85
2919.83
2919.81
2919.79
2919.78
2919.76
2919.74
2919.72
2919.7
2919.69
2919.67
2919.65
2919.63
2919.61
2919.6
2919.58
2919.56
2919.54
2919.52
2919.51
2919.49
2919.47
2919.45
2919.43
2919.41
2919.4
2919.38
2919.36
2919.34
2919.32
2919.3
2919.28
2919.26
2919.25
2919.23
2919.21
2919.19
2919.17
2919.15
2919.13
2919.11
2919.09
2919.07
2919.05
2919.03
2919.02
2919
2918.98
2918.96
2918.94
2918.92
2918.9
2918.88
2918.86
2918.84
2918.82
2918.8
2918.78
2918.76
2918.74
2918.72
2918.7
2918.68
2918.66
2918.64
2918.62
2918.6
2918.58
2918.56
2918.54
2918.52
2918.5
2918.48
2918.45
2918.43
2918.41
2918.39
2918.37
2918.35
2918.33
2918.31
2918.29
2918.27
2918.25
2918.23
2918.2
2918.18
2918.16
2918.14
2918.12
2918.1
2918.08
2918.05
2918.03
2918.01
2917.99
2917.97
2917.95
2917.93
2917.9
2917.88
2917.86
2917.84
2917.82
2917.79
2917.77
2917.75
2917.73
2917.71
2917.68
2917.66
2917.64
2917.62
2917.6
2917.57
2917.55
2917.53
2917.51
2917.48
2917.46
2917.44
2917.42
2917.39
2917.37
2917.35
2917.32
2917.3
2917.28
2917.26
2917.23
2917.21
2917.19
2917.16
2917.14
2917.12
2917.09
2917.07
2917.05
2917.02
2917
2916.98
2916.95
2916.93
2916.91
2916.88
2916.86
2916.83
2916.81
2916.79
2916.76
2916.74
2916.71
2916.69
2916.67
2916.64
2916.62
2916.59
2916.57
2916.55
2916.52
2916.5
2916.47
2916.45
2916.42
2916.4
2916.37
2916.35
2916.33
2916.3
2916.28
2916.25
2916.23
2916.2
2916.18
2916.15
2916.13
2916.1
2916.08
2916.05
2916.03
2916
2915.98
2915.95
2915.93
2915.9
2915.87
2915.85
2915.82
2915.8
2915.77
2915.75
2915.72
2915.7
2915.67
2915.64
2915.62
2915.59
2915.57
2915.54
2915.51
2915.49
2915.46
2915.44
2915.41
2915.38
2915.36
2915.33
2915.3
2915.28
2915.25
2915.22
2915.2
2915.17
2915.15
2915.12
2915.09
2915.07
2915.04
2915.01
2914.98
2914.96
2914.93
2914.9
2914.88
2914.85
2914.82
2914.8
2914.77
2914.74
2914.71
2914.69
2914.66
2914.63
2914.6
2914.58
2914.55
2914.52
2914.49
2914.47
2914.44
2914.41
2914.38
2914.35
2914.33
2914.3
2914.27
2914.24
2914.21
2914.19
2914.16
2914.13
2914.1
2914.07
2914.05
2914.02
2913.99
2913.96
2913.93
2913.9
2913.87
2913.85
2913.82
2913.79
2913.76
2913.73
2913.7
2913.67
2913.64
2913.62
2913.59
2913.56
2913.53
2913.5
2913.47
2913.44
2913.41
2913.38
2913.35
2913.32
2913.29
2913.26
2913.23
2913.21
2913.18
2913.15
2913.12
2913.09
2913.06
2913.03
2913
2912.97
2912.94
2912.91
2912.88
2912.85
2912.82
2912.79
2912.76
2912.73
2912.7
2912.67
2912.64
2912.6
2912.57
2912.54
2912.51
2912.48
2912.45
2912.42
2912.39
2912.36
2912.33
2912.3
2912.27
2912.24
2912.21
2912.17
2912.14
2912.11
2912.08
2912.05
2912.02
2911.99
2911.96
2911.92
2911.89
2911.86
2911.83
2911.8
2911.77
2911.74
2911.7
2911.67
2911.64
2911.61
2911.58
2911.54
2911.51
2911.48
2911.45
2911.42
2911.38
2911.35
2911.32
2911.29
2911.26
2911.22
2911.19
2911.16
2911.13
2911.09
2911.06
2911.03
2911
2910.96
2910.93
2910.9
2910.87
2910.83
2910.8
2910.77
2910.73
2910.7
2910.67
2910.63
2910.6
2910.57
2910.54
2910.5
2910.47
2910.44
2910.4
2910.37
2910.34
2910.3
2910.27
2910.23
2910.2
2910.17
2910.13
2910.1
2910.07
2910.03
2910
2909.96
2909.93
2909.9
2909.86
2909.83
2909.79
2909.76
2909.73
2909.69
2909.66
2909.62
2909.59
2909.55
2909.52
2909.48
2909.45
2909.42
2909.38
2909.35
2909.31
2909.28
2909.24
2909.21
2909.17
2909.14
2909.1
2909.07
2909.03
2909
2908.96
2908.93
2908.89
2908.86
2908.82
2908.79
2908.75
2908.71
2908.68
2908.64
2908.61
2908.57
2908.54
2908.5
2908.47
2908.43
2908.39
2908.36
2908.32
2908.29
2908.25
2908.21
2908.18
2908.14
2908.11
2908.07
2908.03
2908
2907.96
2907.92
2907.89
2907.85
2907.81
2907.78
2907.74
2907.7
2907.67
2907.63
2907.59
2907.56
2907.52
2907.48
2907.45
2907.41
2907.37
2907.34
2907.3
2907.26
2907.22
2907.19
2907.15
2907.11
2907.07
2907.04
2907
2906.96
2906.93
2906.89
2906.85
2906.81
2906.77
2906.74
2906.7
2906.66
2906.62
2906.59
2906.55
2906.51
2906.47
2906.43
2906.4
2906.36
2906.32
2906.28
2906.24
2906.2
2906.17
2906.13
2906.09
2906.05
2906.01
2905.97
2905.93
2905.9
2905.86
2905.82
2905.78
2905.74
2905.7
2905.66
2905.62
2905.58
2905.55
2905.51
2905.47
2905.43
2905.39
2905.35
2905.31
2905.27
2905.23
2905.19
2905.15
2905.11
2905.07
2905.03
2904.99
2904.95
2904.92
2904.88
2904.84
2904.8
2904.76
2904.72
2904.68
2904.64
2904.6
2904.56
2904.52
2904.48
2904.43
2904.39
2904.35
2904.31
2904.27
2904.23
2904.19
2904.15
2904.11
2904.07
2904.03
2903.99
2903.95
2903.91
2903.87
2903.83
2903.79
2903.74
2903.7
2903.66
2903.62
2903.58
2903.54
2903.5
2903.46
2903.42
2903.37
2903.33
2903.29
2903.25
2903.21
2903.17
2903.12
2903.08
2903.04
2903
2902.96
2902.92
2902.87
2902.83
2902.79
2902.75
2902.71
2902.66
2902.62
2902.58
2902.54
2902.5
2902.45
2902.41
2902.37
2902.33
2902.28
2902.24
2902.2
2902.16
2902.11
2902.07
2902.03
2901.99
2901.94
2901.9
2901.86
2901.81
2901.77
2901.73
2901.69
2901.64
2901.6
2901.56
2901.51
2901.47
2901.43
2901.38
2901.34
2901.3
2901.25
2901.21
2901.17
2901.12
2901.08
2901.04
2900.99
2900.95
2900.9
2900.86
2900.82
2900.77
2900.73
2900.68
2900.64
2900.6
2900.55
2900.51
2900.46
2900.42
2900.38
2900.33
2900.29
2900.24
2900.2
2900.15
2900.11
2900.06
2900.02
2899.98
2899.93
2899.89
2899.84
2899.8
2899.75
2899.71
2899.66
2899.62
2899.57
2899.53
2899.48
2899.44
2899.39
2899.35
2899.3
2899.25
2899.21
2899.16
2899.12
2899.07
2899.03
2898.98
2898.94
2898.89
2898.84
2898.8
2898.75
2898.71
2898.66
2898.62
2898.57
2898.52
2898.48
2898.43
2898.39
2898.34
2898.29
2898.25
2898.2
2898.15
2898.11
2898.06
2898.01
2897.97
2897.92
2897.88
2897.83
2897.78
2897.74
2897.69
2897.64
2897.59
2897.55
2897.5
2897.45
2897.41
2897.36
2897.31
2897.27
2897.22
2897.17
2897.12
2897.08
2897.03
2896.98
2896.93
2896.89
2896.84
2896.79
2896.74
2896.7
2896.65
2896.6
2896.55
2896.51
2896.46
2896.41
2896.36
2896.31
2896.27
2896.22
2896.17
2896.12
2896.07
2896.03
2895.98
2895.93
2895.88
2895.83
2895.78
2895.74
2895.69
2895.64
2895.59
2895.54
2895.49
2895.44
2895.4
2895.35
2895.3
2895.25
2895.2
2895.15
2895.1
2895.05
2895
2894.95
2894.91
2894.86
2894.81
2894.76
2894.71
2894.66
2894.61
2894.56
2894.51
2894.46
2894.41
2894.36
2894.31
2894.26
2894.21
2894.16
2894.11
2894.06
2894.01
2893.96
2893.91
2893.86
2893.81
2893.76
2893.71
2893.66
2893.61
2893.56
2893.51
2893.46
2893.41
2893.36
2893.31
2893.26
2893.21
2893.16
2893.11
2893.06
2893.01
2892.95
2892.9
2892.85
2892.8
2892.75
2892.7
2892.65
2892.6
2892.55
2892.5
2892.44
2892.39
2892.34
2892.29
2892.24
2892.19
2892.14
2892.08
2892.03
2891.98
2891.93
2891.88
2891.83
2891.77
2891.72
2891.67
2891.62
2891.57
2891.52
2891.46
2891.41
2891.36
2891.31
2891.25
2891.2
2891.15
2891.1
2891.05
2890.99
2890.94
2890.89
2890.84
2890.78
2890.73
2890.68
2890.63
2890.57
2890.52
2890.47
2890.41
2890.36
2890.31
2890.26
2890.2
2890.15
2890.1
2890.04
2889.99
2889.94
2889.88
2889.83
2889.78
2889.72
2889.67
2889.62
2889.56
2889.51
2889.46
2889.4
2889.35
2889.3
2889.24
2889.19
2889.13
2889.08
2889.03
2888.97
2888.92
2888.86
2888.81
2888.76
2888.7
2888.65
2888.59
2888.54
2888.48
2888.43
2888.38
2888.32
2888.27
2888.21
2888.16
2888.1
2888.05
2887.99
2887.94
2887.88
2887.83
2887.77
2887.72
2887.67
2887.61
2887.56
2887.5
2887.44
2887.39
2887.33
2887.28
2887.22
2887.17
2887.11
2887.06
2887
2886.95
2886.89
2886.84
2886.78
2886.72
2886.67
2886.61
2886.56
2886.5
2886.45
2886.39
2886.33
2886.28
2886.22
2886.17
2886.11
2886.05
2886
2885.94
2885.89
2885.83
2885.77
2885.72
2885.66
2885.6
2885.55
2885.49
2885.43
2885.38
2885.32
2885.26
2885.21
2885.15
2885.09
2885.04
2884.98
2884.92
2884.87
2884.81
2884.75
2884.69
2884.64
2884.58
2884.52
2884.47
2884.41
2884.35
2884.29
2884.24
2884.18
2884.12
2884.06
2884.01
2883.95
2883.89
2883.83
2883.77
2883.72
2883.66
2883.6
2883.54
2883.49
2883.43
2883.37
2883.31
2883.25
2883.19
2883.14
2883.08
2883.02
2882.96
2882.9
2882.84
2882.79
2882.73
2882.67
2882.61
2882.55
2882.49
2882.43
2882.38
2882.32
2882.26
2882.2
2882.14
2882.08
2882.02
2881.96
2881.9
2881.84
2881.79
2881.73
2881.67
2881.61
2881.55
2881.49
2881.43
2881.37
2881.31
2881.25
2881.19
2881.13
2881.07
2881.01
2880.95
2880.89
2880.83
2880.77
2880.71
2880.65
2880.59
2880.53
2880.47
2880.41
2880.35
2880.29
2880.23
2880.17
2880.11
2880.05
2879.99
2879.93
2879.87
2879.81
2879.75
2879.69
2879.63
2879.57
2879.51
2879.45
2879.39
2879.32
2879.26
2879.2
2879.14
2879.08
2879.02
2878.96
2878.9
2878.84
2878.77
2878.71
2878.65
2878.59
2878.53
2878.47
2878.41
2878.35
2878.28
2878.22
2878.16
2878.1
2878.04
2877.98
2877.91
2877.85
2877.79
2877.73
2877.67
2877.6
2877.54
2877.48
2877.42
2877.36
2877.29
2877.23
2877.17
2877.11
2877.04
2876.98
2876.92
2876.86
2876.79
2876.73
2876.67
2876.61
2876.54
2876.48
2876.42
2876.36
2876.29
2876.23
2876.17
2876.1
2876.04
2875.98
2875.92
2875.85
2875.79
2875.73
2875.66
2875.6
2875.54
2875.47
2875.41
2875.35
2875.28
2875.22
2875.15
2875.09
2875.03
2874.96
2874.9
2874.84
2874.77
2874.71
2874.64
2874.58
2874.52
2874.45
2874.39
2874.32
2874.26
2874.2
2874.13
2874.07
2874
2873.94
2873.88
2873.81
2873.75
2873.68
2873.62
2873.55
2873.49
2873.42
2873.36
2873.29
2873.23
2873.16
2873.1
2873.03
2872.97
2872.9
2872.84
2872.77
2872.71
2872.64
2872.58
2872.51
2872.45
2872.38
2872.32
2872.25
2872.19
2872.12
2872.06
2871.99
2871.92
2871.86
2871.79
2871.73
2871.66
2871.6
2871.53
2871.46
2871.4
2871.33
2871.27
2871.2
2871.13
2871.07
2871
2870.94
2870.87
2870.8
2870.74
2870.67
2870.6
2870.54
2870.47
2870.41
2870.34
2870.27
2870.21
2870.14
2870.07
2870
2869.94
2869.87
2869.8
2869.74
2869.67
2869.6
2869.54
2869.47
2869.4
2869.34
2869.27
2869.2
2869.13
2869.07
2869
2868.93
2868.86
2868.8
2868.73
2868.66
2868.59
2868.53
2868.46
2868.39
2868.32
2868.26
2868.19
2868.12
2868.05
2867.98
2867.92
2867.85
2867.78
2867.71
2867.64
2867.57
2867.51
2867.44
2867.37
2867.3
2867.23
2867.16
2867.1
2867.03
2866.96
2866.89
2866.82
2866.75
2866.68
2866.62
2866.55
2866.48
2866.41
2866.34
2866.27
2866.2
2866.13
2866.06
2866
2865.93
2865.86
2865.79
2865.72
2865.65
2865.58
2865.51
2865.44
2865.37
2865.3
2865.23
2865.16
2865.09
2865.02
2864.95
2864.88
2864.81
2864.74
2864.67
2864.6
2864.53
2864.46
2864.39
2864.32
2864.25
2864.18
2864.11
2864.04
2863.97
2863.9
2863.83
2863.76
2863.69
2863.62
2863.55
2863.48
2863.41
2863.34
2863.27
2863.2
2863.13
2863.06
2862.98
2862.91
2862.84
2862.77
2862.7
2862.63
2862.56
2862.49
2862.42
2862.35
2862.27
2862.2
2862.13
2862.06
2861.99
2861.92
2861.85
2861.77
2861.7
2861.63
2861.56
2861.49
2861.42
2861.34
2861.27
2861.2
2861.13
2861.06
2860.98
2860.91
2860.84
2860.77
2860.7
2860.62
2860.55
2860.48
2860.41
2860.34
2860.26
2860.19
2860.12
2860.05
2859.97
2859.9
2859.83
2859.76
2859.68
2859.61
2859.54
2859.46
2859.39
2859.32
2859.25
2859.17
2859.1
2859.03
2858.95
2858.88
2858.81
2858.73
2858.66
2858.59
2858.51
2858.44
2858.37
2858.29
2858.22
2858.15
2858.07
2858
2857.93
2857.85
2857.78
2857.71
2857.63
2857.56
2857.48
2857.41
2857.34
2857.26
2857.19
2857.11
2857.04
2856.97
2856.89
2856.82
2856.74
2856.67
2856.6
2856.52
2856.45
2856.37
2856.3
2856.22
2856.15
2856.07
2856
2855.92
2855.85
2855.78
2855.7
2855.63
2855.55
2855.48
2855.4
2855.33
2855.25
2855.18
2855.1
2855.03
2854.95
2854.87
2854.8
2854.72
2854.65
2854.57
2854.5
2854.42
2854.35
2854.27
2854.2
2854.12
2854.04
2853.97
2853.89
2853.82
2853.74
2853.67
2853.59
2853.51
2853.44
2853.36
2853.29
2853.21
2853.13
2853.06
2852.98
2852.9
2852.83
2852.75
2852.68
2852.6
2852.52
2852.45
2852.37
2852.29
2852.22
2852.14
2852.06
2851.99
2851.91
2851.83
2851.76
2851.68
2851.6
2851.53
2851.45
2851.37
2851.29
2851.22
2851.14
2851.06
2850.99
2850.91
2850.83
2850.75
2850.68
2850.6
2850.52
2850.44
2850.37
2850.29
2850.21
2850.13
2850.06
2849.98
2849.9
2849.82
2849.74
2849.67
2849.59
2849.51
2849.43
2849.35
2849.28
2849.2
2849.12
2849.04
2848.96
2848.89
2848.81
2848.73
2848.65
2848.57
2848.49
2848.41
2848.34
2848.26
2848.18
2848.1
2848.02
2847.94
2847.86
2847.78
2847.71
2847.63
2847.55
2847.47
2847.39
2847.31
2847.23
2847.15
2847.07
2846.99
2846.92
2846.84
2846.76
2846.68
2846.6
2846.52
2846.44
2846.36
2846.28
2846.2
2846.12
2846.04
2845.96
2845.88
2845.8
2845.72
2845.64
2845.56
2845.48
2845.4
2845.32
2845.24
2845.16
2845.08
2845
2844.92
2844.84
2844.76
2844.68
2844.6
2844.52
2844.44
2844.36
2844.28
2844.2
2844.12
2844.04
2843.95
2843.87
2843.79
2843.71
2843.63
2843.55
2843.47
2843.39
2843.31
2843.23
2843.15
2843.06
2842.98
2842.9
2842.82
2842.74
2842.66
2842.58
2842.5
2842.41
2842.33
2842.25
2842.17
2842.09
2842.01
2841.92
2841.84
2841.76
2841.68
2841.6
2841.52
2841.43
2841.35
2841.27
2841.19
2841.11
2841.02
2840.94
2840.86
2840.78
2840.7
2840.61
2840.53
2840.45
2840.37
2840.28
2840.2
2840.12
2840.04
2839.95
2839.87
2839.79
2839.71
2839.62
2839.54
2839.46
2839.37
2839.29
2839.21
2839.12
2839.04
2838.96
2838.88
2838.79
2838.71
2838.63
2838.54
2838.46
2838.38
2838.29
2838.21
2838.13
2838.04
2837.96
2837.88
2837.79
2837.71
2837.62
2837.54
2837.46
2837.37
2837.29
2837.21
2837.12
2837.04
2836.95
2836.87
2836.79
2836.7
2836.62
2836.53
2836.45
2836.37
2836.28
2836.2
2836.11
2836.03
2835.94
2835.86
2835.77
2835.69
2835.61
2835.52
2835.44
2835.35
2835.27
2835.18
2835.1
2835.01
2834.93
2834.84
2834.76
2834.67
2834.59
2834.5
2834.42
2834.33
2834.25
2834.16
2834.08
2833.99
2833.91
2833.82
2833.73
2833.65
2833.56
2833.48
2833.39
2833.31
2833.22
2833.14
2833.05
2832.96
2832.88
2832.79
2832.71
2832.62
2832.53
2832.45
2832.36
2832.28
2832.19
2832.1
2832.02
2831.93
2831.85
2831.76
2831.67
2831.59
2831.5
2831.41
2831.33
2831.24
2831.15
2831.07
2830.98
2830.89
2830.81
2830.72
2830.63
2830.55
2830.46
2830.37
2830.29
2830.2
2830.11
2830.02
2829.94
2829.85
2829.76
2829.68
2829.59
2829.5
2829.41
2829.33
2829.24
2829.15
2829.06
2828.98
2828.89
2828.8
2828.71
2828.63
2828.54
2828.45
2828.36
2828.28
2828.19
2828.1
2828.01
2827.92
2827.84
2827.75
2827.66
2827.57
2827.48
2827.4
2827.31
2827.22
2827.13
2827.04
2826.95
2826.86
2826.78
2826.69
2826.6
2826.51
2826.42
2826.33
2826.24
2826.16
2826.07
2825.98
2825.89
2825.8
2825.71
2825.62
2825.53
2825.45
2825.36
2825.27
2825.18
2825.09
2825
2824.91
2824.82
2824.73
2824.64
2824.55
2824.46
2824.37
2824.28
2824.19
2824.1
2824.02
2823.93
2823.84
2823.75
2823.66
2823.57
2823.48
2823.39
2823.3
2823.21
2823.12
2823.03
2822.94
2822.85
2822.76
2822.67
2822.58
2822.49
2822.4
2822.3
2822.21
2822.12
2822.03
2821.94
2821.85
2821.76
2821.67
2821.58
2821.49
2821.4
2821.31
2821.22
2821.13
2821.04
2820.95
2820.85
2820.76
2820.67
2820.58
2820.49
2820.4
2820.31
2820.22
2820.13
2820.03
2819.94
2819.85
2819.76
2819.67
2819.58
2819.49
2819.39
2819.3
2819.21
2819.12
2819.03
2818.94
2818.84
2818.75
2818.66
2818.57
2818.48
2818.38
2818.29
2818.2
2818.11
2818.02
2817.92
2817.83
2817.74
2817.65
2817.56
2817.46
2817.37
2817.28
2817.19
2817.09
2817
2816.91
2816.82
2816.72
2816.63
2816.54
2816.44
2816.35
2816.26
2816.17
2816.07
2815.98
2815.89
2815.79
2815.7
2815.61
2815.52
2815.42
2815.33
2815.24
2815.14
2815.05
2814.96
2814.86
2814.77
2814.68
2814.58
2814.49
2814.4
2814.3
2814.21
2814.11
2814.02
2813.93
2813.83
2813.74
2813.65
2813.55
2813.46
2813.36
2813.27
2813.18
2813.08
2812.99
2812.89
2812.8
2812.7
2812.61
2812.52
2812.42
2812.33
2812.23
2812.14
2812.04
2811.95
2811.85
2811.76
2811.67
2811.57
2811.48
2811.38
2811.29
2811.19
2811.1
2811
2810.91
2810.81
2810.72
2810.62
2810.53
2810.43
2810.34
2810.24
2810.15
2810.05
2809.96
2809.86
2809.77
2809.67
2809.57
2809.48
2809.38
2809.29
2809.19
2809.1
2809
2808.91
2808.81
2808.71
2808.62
2808.52
2808.43
2808.33
2808.23
2808.14
2808.04
2807.95
2807.85
2807.75
2807.66
2807.56
2807.47
2807.37
2807.27
2807.18
2807.08
2806.98
2806.89
2806.79
2806.69
2806.6
2806.5
2806.4
2806.31
2806.21
2806.11
2806.02
2805.92
2805.82
2805.73
2805.63
2805.53
2805.44
2805.34
2805.24
2805.14
2805.05
2804.95
2804.85
2804.76
2804.66
2804.56
2804.46
2804.37
2804.27
2804.17
2804.07
2803.98
2803.88
2803.78
2803.68
2803.59
2803.49
2803.39
2803.29
2803.19
2803.1
2803
2802.9
2802.8
2802.7
2802.61
2802.51
2802.41
2802.31
2802.21
2802.12
2802.02
2801.92
2801.82
2801.72
2801.62
2801.52
2801.43
2801.33
2801.23
2801.13
2801.03
2800.93
2800.83
2800.74
2800.64
2800.54
2800.44
2800.34
2800.24
2800.14
2800.04
2799.94
2799.85
2799.75
2799.65
2799.55
2799.45
2799.35
2799.25
2799.15
2799.05
2798.95
2798.85
2798.75
2798.65
2798.55
2798.45
2798.35
2798.25
2798.16
2798.06
2797.96
2797.86
2797.76
2797.66
2797.56
2797.46
2797.36
2797.26
2797.16
2797.06
2796.96
2796.86
2796.76
2796.66
2796.55
2796.45
2796.35
2796.25
2796.15
2796.05
2795.95
2795.85
2795.75
2795.65
2795.55
2795.45
2795.35
2795.25
2795.15
2795.05
2794.95
2794.84
2794.74
2794.64
2794.54
2794.44
2794.34
2794.24
2794.14
2794.04
2793.93
2793.83
2793.73
2793.63
2793.53
2793.43
2793.33
2793.23
2793.12
2793.02
2792.92
2792.82
2792.72
2792.62
2792.51
2792.41
2792.31
2792.21
2792.11
2792
2791.9
2791.8
2791.7
2791.6
2791.49
2791.39
2791.29
2791.19
2791.09
2790.98
2790.88
2790.78
2790.68
2790.57
2790.47
2790.37
2790.27
2790.16
2790.06
2789.96
2789.86
2789.75
2789.65
2789.55
2789.45
2789.34
2789.24
2789.14
2789.03
2788.93
2788.83
2788.72
2788.62
2788.52
2788.42
2788.31
2788.21
2788.11
2788
2787.9
2787.8
2787.69
2787.59
2787.49
2787.38
2787.28
2787.17
2787.07
2786.97
2786.86
2786.76
2786.66
2786.55
2786.45
2786.34
2786.24
2786.14
2786.03
2785.93
2785.82
2785.72
2785.62
2785.51
2785.41
2785.3
2785.2
2785.1
2784.99
2784.89
2784.78
2784.68
2784.57
2784.47
2784.36
2784.26
2784.16
2784.05
2783.95
2783.84
2783.74
2783.63
2783.53
2783.42
2783.32
2783.21
2783.11
2783
2782.9
2782.79
2782.69
2782.58
2782.48
2782.37
2782.27
2782.16
2782.06
2781.95
2781.85
2781.74
2781.63
2781.53
2781.42
2781.32
2781.21
2781.11
2781
2780.9
2780.79
2780.68
2780.58
2780.47
2780.37
2780.26
2780.15
2780.05
2779.94
2779.84
2779.73
2779.62
2779.52
2779.41
2779.31
2779.2
2779.09
2778.99
2778.88
2778.77
2778.67
2778.56
2778.45
2778.35
2778.24
2778.13
2778.03
2777.92
2777.81
2777.71
2777.6
2777.49
2777.39
2777.28
2777.17
2777.07
2776.96
2776.85
2776.75
2776.64
2776.53
2776.42
2776.32
2776.21
2776.1
2775.99
2775.89
2775.78
2775.67
2775.56
2775.46
2775.35
2775.24
2775.13
2775.03
2774.92
2774.81
2774.7
2774.6
2774.49
2774.38
2774.27
2774.16
2774.06
2773.95
2773.84
2773.73
2773.62
2773.52
2773.41
2773.3
2773.19
2773.08
2772.98
2772.87
2772.76
2772.65
2772.54
2772.43
2772.32
2772.22
2772.11
2772
2771.89
2771.78
2771.67
2771.56
2771.46
2771.35
2771.24
2771.13
2771.02
2770.91
2770.8
2770.69
2770.58
2770.48
2770.37
2770.26
2770.15
2770.04
2769.93
2769.82
2769.71
2769.6
2769.49
2769.38
2769.27
2769.16
2769.05
2768.94
2768.83
2768.72
2768.62
2768.51
2768.4
2768.29
2768.18
2768.07
2767.96
2767.85
2767.74
2767.63
2767.52
2767.41
2767.3
2767.19
2767.08
2766.97
2766.86
2766.75
2766.64
2766.52
2766.41
2766.3
2766.19
2766.08
2765.97
2765.86
2765.75
2765.64
2765.53
2765.42
2765.31
2765.2
2765.09
2764.98
2764.87
2764.75
2764.64
2764.53
2764.42
2764.31
2764.2
2764.09
2763.98
2763.87
2763.76
2763.64
2763.53
2763.42
2763.31
2763.2
2763.09
2762.98
2762.86
2762.75
2762.64
2762.53
2762.42
2762.31
2762.19
2762.08
2761.97
2761.86
2761.75
2761.64
2761.52
2761.41
2761.3
2761.19
2761.08
2760.96
2760.85
2760.74
2760.63
2760.5
2759.32
2758.15
2756.98
2755.82
2754.65
2753.48
2752.32
2751.15
2749.99
2748.83
2747.67
2746.51
2745.35
2744.19
2743.04
2741.88
2740.73
2739.58
2738.42
2737.27
2736.12
2734.98
2733.83
2732.68
2731.54
2730.39
2729.25
2728.11
2726.97
2725.83
2724.69
2723.55
2722.42
2721.28
2720.15
2719.02
2717.88
2716.75
2715.62
2714.49
2713.37
2712.24
2711.11
2709.99
2708.87
2707.75
2706.62
2705.5
2704.39
2703.27
2702.15
2701.03
2699.92
2698.81
2697.69
2696.58
2695.47
2694.36
2693.25
2692.15
2691.04
2689.94
2688.83
2687.73
2686.62
2685.52
2684.42
2683.32
2682.23
2681.13
2680.03
2678.94
2677.84
2676.75
2675.66
2674.57
2673.48
2672.39
2671.3
2670.21
2669.13
2668.04
2666.96
2665.88
2664.79
2663.71
2662.63
2661.55
2660.48
2659.4
2658.32
2657.25
2656.17
2655.1
2654.03
2652.96
2651.89
2650.82
2649.75
2648.68
2647.62
2646.55
2645.49
2644.42
2643.36
2642.3
2641.24
2640.18
2639.12
2638.07
2637.01
2635.95
2634.9
2633.84
2632.79
2631.74
2630.69
2629.64
2628.59
2627.54
2626.49
2625.45
2624.4
2623.36
2622.32
2621.27
2620.23
2619.19
2618.15
2617.11
2616.08
2615.04
2614
2612.97
2611.93
2610.9
2609.87
2608.84
2607.81
2606.78
2605.75
2604.72
2603.69
2602.67
2601.64
2600.62
2599.6
2598.57
2597.55
2596.53
2595.51
2594.49
2593.47
2592.46
2591.44
2590.43
2589.41
2588.4
2587.39
2586.37
2585.36
2584.35
2583.35
2582.34
2581.33
2580.32
2579.32
2578.31
2577.31
2576.31
2575.3
2574.3
2573.3
2572.3
2571.31
2570.31
2569.31
2568.32
2567.32
2566.33
2565.33
2564.34
2563.35
2562.36
2561.37
2560.38
2559.39
2558.4
2557.42
2556.43
2555.45
2554.46
2553.48
2552.5
2551.51
2550.53
2549.55
2548.57
2547.6
2546.62
2545.64
2544.67
2543.69
2542.72
2541.74
2540.77
2539.8
2538.83
2537.86
2536.89
2535.92
2534.95
2533.99
2533.02
2532.06
2531.09
2530.13
2529.16
2528.2
2527.24
2526.28
2525.32
2524.36
2523.41
2522.45
2521.49
2520.54
2519.58
2518.63
2517.67
2516.72
2515.77
2514.82
2513.87
2512.92
2511.97
2511.02
2510.08
2509.13
2508.19
2507.24
2506.3
2505.35
2504.41
2503.47
2502.53
2501.59
2500.65
2499.71
2498.78
2497.84
2496.9
2495.97
2495.03
2494.1
2493.17
2492.23
2491.3
2490.37
2489.44
2488.51
2487.58
2486.66
2485.73
2484.8
2483.88
2482.95
2482.03
2481.11
2480.18
2479.26
2478.34
2477.42
2476.5
2475.58
2474.66
2473.75
2472.83
2471.92
2471
2470.09
2469.17
2468.26
2467.35
2466.44
2465.53
2464.61
2463.71
2462.8
2461.89
2460.98
2460.08
2459.17
2458.27
2457.36
2456.46
2455.56
2454.65
2453.75
2452.85
2451.95
2451.05
2450.15
2449.26
2448.36
2447.46
2446.57
2445.67
2444.78
2443.88
2442.99
2442.1
2441.21
2440.32
2439.43
2438.54
2437.65
2436.76
2435.87
2434.99
2434.1
2433.22
2432.33
2431.45
2430.57
2429.68
2428.8
2427.92
2427.04
2426.16
2425.28
2424.4
2423.53
2422.65
2421.77
2420.9
2420.02
2419.15
2418.27
2417.4
2416.53
2415.66
2414.79
2413.92
2413.05
2412.18
2411.31
2410.44
2409.58
2408.71
2407.84
2406.98
2406.11
2405.25
2404.39
2403.53
2402.66
2401.8
2400.94
2400.08
2399.22
2398.37
2397.51
2396.65
2395.79
2394.94
2394.08
2393.23
2392.38
2391.52
2390.67
2389.82
2388.97
2388.12
2387.27
2386.42
2385.57
2384.72
2383.87
2383.03
2382.18
2381.33
2380.49
2379.65
2378.8
2377.96
2377.12
2376.28
2375.43
2374.59
2373.75
2372.91
2372.08
2371.24
2370.4
2369.56
2368.73
2367.89
2367.06
2366.22
2365.39
2364.56
2363.73
2362.89
2362.06
2361.23
2360.4
2359.57
2358.74
2357.92
2357.09
2356.26
2355.44
2354.61
2353.79
2352.96
2352.14
2351.31
2350.49
2349.67
2348.85
2348.03
2347.21
2346.39
2345.57
2344.75
2343.93
2343.12
2342.3
2341.48
2340.67
2339.85
2339.04
2338.23
2337.41
2336.6
2335.79
2334.98
2334.17
2333.36
2332.55
2331.74
2330.93
2330.12
2329.31
2328.51
2327.7
2326.9
2326.09
2325.29
2324.48
2323.68
2322.88
2322.08
2321.28
2320.47
2319.67
2318.87
2318.08
2317.28
2316.48
2315.68
2314.88
2314.09
2313.29
2312.5
2311.7
2310.91
2310.12
2309.32
2308.53
2307.74
2306.95
2306.16
2305.37
2304.58
2303.79
2303
2302.21
2301.43
2300.64
2299.85
2299.07
2298.28
2297.5
2296.71
2295.93
2295.15
2294.37
2293.58
2292.8
2292.02
2291.24
2290.46
2289.68
2288.91
2288.13
2287.35
2286.57
2285.8
2285.02
2284.25
2283.47
2282.7
2281.92
2281.15
2280.38
2279.61
2278.84
2278.06
2277.29
2276.52
2275.76
2274.99
2274.22
2273.45
2272.68
2271.92
2271.15
2270.39
2269.62
2268.86
2268.09
2267.33
2266.57
2265.8
2265.04
2264.28
2263.52
2262.76
2262
2261.24
2260.48
2259.72
2258.97
2258.21
2257.45
2256.7
2255.94
2255.19
2254.43
2253.68
2252.92
2252.17
2251.42
2250.67
2249.91
2249.16
2248.41
2247.66
2246.91
2246.16
2245.42
2244.67
2243.92
2243.17
2242.43
2241.68
2240.94
2240.19
2239.45
2238.7
2237.96
2237.22
2236.47
2235.73
2234.99
2234.25
2233.51
2232.77
2232.03
2231.29
2230.55
2229.81
2229.08
2228.34
2227.6
2226.87
2226.13
2225.4
2224.66
2223.93
2223.19
2222.46
2221.73
2221
2220.27
2219.53
2218.8
2218.07
2217.34
2216.61
2215.89
2215.16
2214.43
2213.7
2212.98
2212.25
2211.52
2210.8
2210.07
2209.35
2208.63
2207.9
2207.18
2206.46
2205.73
2205.01
2204.29
2203.57
2202.85
2202.13
2201.41
2200.69
2199.98
2199.26
2198.54
2197.82
2197.11
2196.39
2195.68
2194.96
2194.25
2193.53
2192.82
2192.11
2191.39
2190.68
2189.97
2189.26
2188.55
2187.84
2187.13
2186.42
2185.71
2185
2184.29
2183.59
2182.88
2182.17
2181.47
2180.76
2180.05
2179.35
2178.65
2177.94
2177.24
2176.54
2175.83
2175.13
2174.43
2173.73
2173.03
2172.33
2171.63
2170.93
2170.23
2169.53
2168.83
2168.13
2167.44
2166.74
2166.04
2165.35
2164.65
2163.96
2163.26
2162.57
2161.87
2161.18
2160.49
2159.8
2159.1
2158.41
2157.72
2157.03
2156.34
2155.65
2154.96
2154.27
2153.58
2152.9
2152.21
2151.52
2150.84
2150.15
2149.46
2148.78
2148.09
2147.41
2146.72
2146.04
2145.36
2144.67
2143.99
2143.31
2142.63
2141.95
2141.27
2140.59
2139.91
2139.23
2138.55
2137.87
2137.19
2136.51
2135.84
2135.16
2134.48
2133.81
2133.13
2132.46
2131.78
2131.11
2130.43
2129.76
2129.09
2128.41
2127.74
2127.07
2126.4
2125.73
2125.06
2124.39
2123.72
2123.05
2122.38
2121.71
2121.04
2120.37
2119.71
2119.04
2118.37
2117.71
2117.04
2116.38
2115.71
2115.05
2114.38
2113.72
2113.06
2112.39
2111.73
2111.07
2110.41
2109.75
2109.08
2108.42
2107.76
2107.1
2106.44
2105.79
2105.13
2104.47
2103.81
2103.15
2102.5
2101.84
2101.19
2100.53
2099.87
2099.22
2098.56
2097.91
2097.26
2096.6
2095.95
2095.3
2094.65
2093.99
2093.34
2092.69
2092.04
2091.39
2090.74
2090.09
2089.44
2088.8
2088.15
2087.5
2086.85
2086.2
2085.56
2084.91
2084.27
2083.62
2082.98
2082.33
2081.69
2081.04
2080.4
2079.76
2079.11
2078.47
2077.83
2077.19
2076.55
2075.9
2075.26
2074.62
2073.98
2073.34
2072.71
2072.07
2071.43
2070.79
2070.15
2069.52
2068.88
2068.24
2067.61
2066.97
2066.34
2065.7
2065.07
2064.43
2063.8
2063.17
2062.53
2061.9
2061.27
2060.64
2060
2059.37
2058.74
2058.11
2057.48
2056.85
2056.22
2055.59
2054.96
2054.34
2053.71
2053.08
2052.45
2051.83
2051.2
2050.57
2049.95
2049.32
2048.7
2048.07
2047.45
2046.83
2046.2
2045.58
2044.96
2044.33
2043.71
2043.09
2042.47
2041.85
2041.23
2040.61
2039.99
2039.37
2038.75
2038.13
2037.51
2036.89
2036.28
2035.66
2035.04
2034.42
2033.81
2033.19
2032.58
2031.96
2031.35
2030.73
2030.12
2029.5
2028.89
2028.28
2027.66
2027.05
2026.44
2025.83
2025.22
2024.6
2023.99
2023.38
2022.77
2022.16
2021.55
2020.95
2020.34
2019.73
2019.12
2018.51
2017.91
2017.3
2016.69
2016.09
2015.48
2014.87
2014.27
2013.66
2013.06
2012.45
2011.85
2011.25
2010.64
2010.04
2009.44
2008.84
2008.23
2007.63
2007.03
2006.43
2005.83
2005.23
2004.63
2004.03
2003.43
2002.83
2002.24
2001.64
2001.04
2000.44
1999.84
1999.25
1998.65
1998.06
1997.46
1996.86
1996.27
1995.67
1995.08
1994.48
1993.89
1993.3
1992.7
1992.11
1991.52
1990.93
1990.33
1989.74
1989.15
1988.56
1987.97
1987.38
1986.79
1986.2
1985.61
1985.02
1984.43
1983.85
1983.26
1982.67
1982.08
1981.5
1980.91
1980.32
1979.74
1979.15
1978.57
1977.98
1977.4
1976.81
1976.23
1975.64
1975.06
1974.48
1973.89
1973.31
1972.73
1972.15
1971.57
1970.99
1970.4
1969.82
1969.24
1968.66
1968.08
1967.5
1966.93
1966.35
1965.77
1965.19
1964.61
1964.04
1963.46
1962.88
1962.31
1961.73
1961.15
1960.58
1960
1959.43
1958.85
1958.28
1957.7
1957.13
1956.56
1955.98
1955.41
1954.84
1954.27
1953.69
1953.12
1952.55
1951.98
1951.41
1950.84
1950.27
1949.7
1949.13
1948.56
1947.99
1947.42
1946.86
1946.29
1945.72
1945.15
1944.59
1944.02
1943.45
1942.89
1942.32
1941.75
1941.19
1940.62
1940.06
1939.5
1938.93
1938.37
1937.8
1937.24
1936.68
1936.12
1935.55
1934.99
1934.43
1933.87
1933.31
1932.75
1932.19
1931.63
1931.07
1930.51
1929.95
1929.39
1928.83
1928.27
1927.71
1927.16
1926.6
1926.04
1925.49
1924.93
1924.37
1923.82
1923.26
1922.71
1922.15
1921.6
1921.04
1920.49
1919.93
1919.38
1918.83
1918.27
1917.72
1917.17
1916.62
1916.06
1915.51
1914.96
1914.41
1913.86
1913.31
1912.76
1912.21
1911.66
1911.11
1910.56
1910.01
1909.46
1908.91
1908.37
1907.82
1907.27
1906.72
1906.18
1905.63
1905.08
1904.54
1903.99
1903.45
1902.9
1902.36
1901.81
1901.27
1900.73
1900.18
1899.64
1899.09
1898.55
1898.01
1897.47
1896.92
1896.38
1895.84
1895.3
1894.76
1894.22
1893.68
1893.14
1892.6
1892.06
1891.52
1890.98
1890.44
1889.9
1889.37
1888.83
1888.29
1887.75
1887.22
1886.68
1886.14
1885.61
1885.07
1884.53
1884
1883.46
1882.93
1882.39
1881.86
1881.33
1880.79
1880.26
1879.73
1879.19
1878.66
1878.13
1877.6
1877.06
1876.53
1876
1875.47
1874.94
1874.41
1873.88
1873.35
1872.82
1872.29
1871.76
1871.23
1870.7
1870.17
1869.65
1869.12
1868.59
1868.06
1867.54
1867.01
1866.48
1865.96
1865.43
1864.9
1864.38
1863.85
1863.33
1862.8
1862.28
1861.75
1861.23
1860.71
1860.18
1859.66
