0
1.2929
2.58579
3.87869
5.17158
6.46448
7.75738
9.05027
10.3432
11.6361
12.929
14.2219
15.5147
16.8076
18.1005
19.3934
20.6863
21.9792
23.2721
24.565
25.8579
27.1508
28.4437
29.7366
31.0295
32.3224
33.6152
34.9081
36.201
37.4939
38.7868
40.0797
41.3726
42.6655
43.9583
45.2512
46.5441
47.837
49.1299
50.4228
51.7156
53.0085
54.3014
55.5943
56.8872
58.18
59.4729
60.7658
62.0587
63.3515
64.6444
65.9373
67.2301
68.523
69.8159
71.1087
72.4016
73.6945
74.9874
76.2802
77.5731
78.8659
80.1588
81.4517
82.7445
84.0374
85.3302
86.6231
87.9159
89.2088
90.5016
91.7945
93.0873
94.3802
95.673
96.9659
98.2587
99.5516
100.844
102.137
103.43
104.723
106.016
107.309
108.601
109.894
111.187
112.48
113.773
115.066
116.358
117.651
118.944
120.237
121.53
122.822
124.115
125.408
126.701
127.994
129.286
130.579
131.872
133.165
134.458
135.75
137.043
138.336
139.629
140.922
142.214
143.507
144.8
146.093
147.385
148.678
149.971
151.264
152.557
153.849
155.142
156.435
157.728
159.02
160.313
161.606
162.899
164.191
165.484
166.777
168.07
169.362
170.655
171.948
173.24
174.533
175.826
177.119
178.411
179.704
180.997
182.289
183.582
184.875
186.168
187.46
188.753
190.046
191.338
192.631
193.924
195.216
196.509
197.802
199.094
200.387
201.68
202.972
204.265
205.558
206.85
208.143
209.436
210.728
212.021
213.314
214.606
215.899
217.191
218.484
219.777
221.069
222.362
223.655
224.947
226.24
227.532
228.825
230.118
231.41
232.703
233.995
235.288
236.581
237.873
239.166
240.458
241.751
243.043
244.336
245.628
246.921
248.214
249.506
250.799
252.091
253.384
254.676
255.969
257.261
258.554
259.846
261.139
262.431
263.724
265.016
266.309
267.601
268.894
270.186
271.479
272.771
274.064
275.356
276.649
277.941
279.234
280.526
281.818
283.111
284.403
285.696
286.988
288.281
289.573
290.865
292.158
293.45
294.743
296.035
297.327
298.62
299.912
301.205
302.497
303.789
305.082
306.374
307.666
308.959
310.251
311.543
312.836
314.128
315.42
316.713
318.005
319.297
320.59
321.882
323.174
324.467
325.759
327.051
328.344
329.636
330.928
332.22
333.513
334.805
336.097
337.389
338.682
339.974
341.266
342.558
343.851
345.143
346.435
347.727
349.019
350.312
351.604
352.896
354.188
355.48
356.772
358.065
359.357
360.649
361.941
363.233
364.525
365.818
367.11
368.402
369.694
370.986
372.278
373.57
374.862
376.154
377.447
378.739
380.031
381.323
382.615
383.907
385.199
386.491
387.783
389.075
390.367
391.659
392.951
394.243
395.535
396.827
398.119
399.411
400.703
401.995
403.287
404.579
405.871
407.163
408.455
409.747
411.039
412.331
413.623
414.914
416.206
417.498
418.79
420.082
421.374
422.666
423.958
425.25
426.541
427.833
429.125
430.417
431.709
433.001
434.292
435.584
436.876
438.168
439.46
440.751
442.043
443.335
444.627
445.919
447.21
448.502
449.794
451.086
452.377
453.669
454.961
456.252
457.544
458.836
460.128
461.419
462.711
464.003
465.294
466.586
467.877
469.169
470.461
471.752
473.044
474.336
475.627
476.919
478.21
479.502
480.794
482.085
483.377
484.668
485.96
487.251
488.543
489.834
491.126
492.417
493.709
495
496.292
497.583
498.875
500.166
501.458
502.749
504.041
505.332
506.624
507.915
509.206
510.498
511.789
513.081
514.372
515.663
516.955
518.246
519.537
520.829
522.12
523.412
524.703
525.994
527.286
528.577
529.868
531.159
532.451
533.742
535.033
536.324
537.616
538.907
540.198
541.489
542.781
544.072
545.363
546.654
547.945
549.237
550.528
551.819
553.11
554.401
555.692
556.983
558.275
559.566
560.857
562.148
563.439
564.73
566.021
567.312
568.603
569.894
571.185
572.476
573.767
575.058
576.349
577.64
578.931
580.222
581.513
582.804
584.095
585.386
586.677
587.968
589.259
590.55
591.841
593.131
594.422
595.713
597.004
598.295
599.586
600.877
602.167
603.458
604.749
606.04
607.331
608.621
609.912
611.203
612.494
613.784
615.075
616.366
617.657
618.947
620.238
621.529
622.819
624.11
625.401
626.691
627.982
629.273
630.563
631.854
633.145
634.435
635.726
637.016
638.307
639.597
640.888
642.179
643.469
644.76
646.05
647.341
648.631
649.922
651.212
652.503
653.793
655.083
656.374
657.664
658.955
660.245
661.536
662.826
664.116
665.407
666.697
667.987
669.278
670.568
671.858
673.149
674.439
675.729
677.02
678.31
679.6
680.89
682.181
683.471
684.761
686.051
687.341
688.632
689.922
691.212
692.502
693.792
695.082
696.372
697.663
698.953
700.243
701.533
702.823
704.113
705.403
706.693
707.983
709.273
710.563
711.853
713.143
714.433
715.723
717.013
718.303
719.593
720.883
722.173
723.463
724.753
726.042
727.332
728.622
729.912
731.202
732.492
733.781
735.071
736.361
737.651
738.941
740.23
741.52
742.81
744.1
745.389
746.679
747.969
749.258
750.548
751.838
753.127
754.417
755.707
756.996
758.286
759.576
760.865
762.155
763.444
764.734
766.023
767.313
768.602
769.892
771.181
772.471
773.76
775.05
776.339
777.629
778.918
780.208
781.497
782.786
784.076
785.365
786.655
787.944
789.233
790.523
791.812
793.101
794.39
795.68
796.969
798.258
799.547
800.837
802.126
803.415
804.704
805.993
807.283
808.572
809.861
811.15
812.439
813.728
815.017
816.307
817.596
818.885
820.174
821.463
822.752
824.041
825.33
826.619
827.908
829.197
830.486
831.775
833.064
834.352
835.641
836.93
838.219
839.508
840.797
842.086
843.375
844.663
845.952
847.241
848.53
849.819
851.107
852.396
853.685
854.974
856.262
857.551
858.84
860.128
861.417
862.706
863.994
865.283
866.571
867.86
869.149
870.437
871.726
873.014
874.303
875.591
876.88
878.168
879.457
880.745
882.034
883.322
884.61
885.899
887.187
888.476
889.764
891.052
892.341
893.629
894.917
896.206
897.494
898.782
900.07
901.359
902.647
903.935
905.223
906.512
907.8
909.088
910.376
911.664
912.952
914.241
915.529
916.817
918.105
919.393
920.681
921.969
923.257
924.545
925.833
927.121
928.409
929.697
930.985
932.273
933.561
934.849
936.136
937.424
938.712
940
941.288
942.576
943.863
945.151
946.439
947.727
949.015
950.302
951.59
952.878
954.165
955.453
956.741
958.028
959.316
960.604
961.891
963.179
964.466
965.754
967.042
968.329
969.617
970.904
972.192
973.479
974.767
976.054
977.341
978.629
979.916
981.204
982.491
983.778
985.066
986.353
987.64
988.928
990.215
991.502
992.789
994.077
995.364
996.651
997.938
999.226
1000.51
1001.8
1003.09
1004.37
1005.66
1006.95
1008.24
1009.52
1010.81
1012.1
1013.38
1014.67
1015.96
1017.24
1018.53
1019.82
1021.11
1022.39
1023.68
1024.97
1026.25
1027.54
1028.83
1030.11
1031.4
1032.69
1033.97
1035.26
1036.55
1037.83
1039.12
1040.41
1041.69
1042.98
1044.27
1045.55
1046.84
1048.13
1049.41
1050.7
1051.99
1053.27
1054.56
1055.85
1057.13
1058.42
1059.71
1060.99
1062.28
1063.57
1064.85
1066.14
1067.42
1068.71
1070
1071.28
1072.57
1073.86
1075.14
1076.43
1077.72
1079
1080.29
1081.57
1082.86
1084.15
1085.43
1086.72
1088
1089.29
1090.58
1091.86
1093.15
1094.44
1095.72
1097.01
1098.29
1099.58
1100.87
1102.15
1103.44
1104.72
1106.01
1107.29
1108.58
1109.87
1111.15
1112.44
1113.72
1115.01
1116.3
1117.58
1118.87
1120.15
1121.44
1122.72
1124.01
1125.3
1126.58
1127.87
1129.15
1130.44
1131.72
1133.01
1134.29
1135.58
1136.87
1138.15
1139.44
1140.72
1142.01
1143.29
1144.58
1145.86
1147.15
1148.43
1149.72
1151
1152.29
1153.58
1154.86
1156.15
1157.43
1158.72
1160
1161.29
1162.57
1163.86
1165.14
1166.43
1167.71
1169
1170.28
1171.57
1172.85
1174.14
1175.42
1176.71
1177.99
1179.28
1180.56
1181.85
1183.13
1184.42
1185.7
1186.99
1188.27
1189.56
1190.84
1192.13
1193.41
1194.7
1195.98
1197.26
1198.55
1199.83
1201.12
1202.4
1203.69
1204.97
1206.26
1207.54
1208.83
1210.11
1211.4
1212.68
1213.96
1215.25
1216.53
1217.82
1219.1
1220.39
1221.67
1222.95
1224.24
1225.52
1226.81
1228.09
1229.38
1230.66
1231.94
1233.23
1234.51
1235.8
1237.08
1238.37
1239.65
1240.93
1242.22
1243.5
1244.79
1246.07
1247.35
1248.64
1249.92
1251.21
1252.49
1253.77
1255.06
1256.34
1257.63
1258.91
1260.19
1261.48
1262.76
1264.04
1265.33
1266.61
1267.9
1269.18
1270.46
1271.75
1273.03
1274.31
1275.6
1276.88
1278.16
1279.45
1280.73
1282.01
1283.3
1284.58
1285.87
1287.15
1288.43
1289.72
1291
1292.28
1293.57
1294.85
1296.13
1297.42
1298.7
1299.98
1301.26
1302.55
1303.83
1305.11
1306.4
1307.68
1308.96
1310.25
1311.53
1312.81
1314.1
1315.38
1316.66
1317.94
1319.23
1320.51
1321.79
1323.08
1324.36
1325.64
1326.92
1328.21
1329.49
1330.77
1332.06
1333.34
1334.62
1335.9
1337.19
1338.47
1339.75
1341.03
1342.32
1343.6
1344.88
1346.16
1347.45
1348.73
1350.01
1351.29
1352.58
1353.86
1355.14
1356.42
1357.71
1358.99
1360.27
1361.55
1362.84
1364.12
1365.4
1366.68
1367.96
1369.25
1370.53
1371.81
1373.09
1374.38
1375.66
1376.94
1378.22
1379.5
1380.79
1382.07
1383.35
1384.63
1385.91
1387.2
1388.48
1389.76
1391.04
1392.32
1393.6
1394.89
1396.17
1397.45
1398.73
1400.01
1401.29
1402.58
1403.86
1405.14
1406.42
1407.7
1408.98
1410.27
1411.55
1412.83
1414.11
1415.39
1416.67
1417.95
1419.24
1420.52
1421.8
1423.08
1424.36
1425.64
1426.92
1428.2
1429.49
1430.77
1432.05
1433.33
1434.61
1435.89
1437.17
1438.45
1439.73
1441.02
1442.3
1443.58
1444.86
1446.14
1447.42
1448.7
1449.98
1451.26
1452.54
1453.82
1455.1
1456.39
1457.67
1458.95
1460.23
1461.51
1462.79
1464.07
1465.35
1466.63
1467.91
1469.19
1470.47
1471.75
1473.03
1474.31
1475.59
1476.87
1478.16
1479.44
1480.72
1482
1483.28
1484.56
1485.84
1487.12
1488.4
1489.68
1490.96
1492.24
1493.52
1494.8
1496.08
1497.36
1498.64
1499.92
1501.2
1502.48
1503.76
1505.04
1506.32
1507.6
1508.88
1510.16
1511.44
1512.72
1514
1515.28
1516.56
1517.84
1519.12
1520.4
1521.68
1522.96
1524.23
1525.51
1526.79
1528.07
1529.35
1530.63
1531.91
1533.19
1534.47
1535.75
1537.03
1538.31
1539.59
1540.87
1542.15
1543.43
1544.71
1545.98
1547.26
1548.54
1549.82
1551.1
1552.38
1553.66
1554.94
1556.22
1557.5
1558.78
1560.05
1561.33
1562.61
1563.89
1565.17
1566.45
1567.73
1569.01
1570.29
1571.56
1572.84
1574.12
1575.4
1576.68
1577.96
1579.24
1580.51
1581.79
1583.07
1584.35
1585.63
1586.91
1588.19
1589.46
1590.74
1592.02
1593.3
1594.58
1595.86
1597.13
1598.41
1599.69
1600.97
1602.25
1603.53
1604.8
1606.08
1607.36
1608.64
1609.92
1611.19
1612.47
1613.75
1615.03
1616.31
1617.58
1618.86
1620.14
1621.42
1622.7
1623.97
1625.25
1626.53
1627.81
1629.08
1630.36
1631.64
1632.92
1634.19
1635.47
1636.75
1638.03
1639.3
1640.58
1641.86
1643.14
1644.41
1645.69
1646.97
1648.25
1649.52
1650.8
1652.08
1653.36
1654.63
1655.91
1657.19
1658.46
1659.74
1661.02
1662.3
1663.57
1664.85
1666.13
1667.4
1668.68
1669.96
1671.23
1672.51
1673.79
1675.07
1676.34
1677.62
1678.9
1680.17
1681.45
1682.73
1684
1685.28
1686.56
1687.83
1689.11
1690.39
1691.66
1692.94
1694.21
1695.49
1696.77
1698.04
1699.32
1700.6
1701.87
1703.15
1704.43
1705.7
1706.98
1708.25
1709.53
1710.81
1712.08
1713.36
1714.63
1715.91
1717.19
1718.46
1719.74
1721.01
1722.29
1723.57
1724.84
1726.12
1727.39
1728.67
1729.95
1731.22
1732.5
1733.77
1735.05
1736.32
1737.6
1738.88
1740.15
1741.43
1742.7
1743.98
1745.25
1746.53
1747.8
1749.08
1750.35
1751.63
1752.9
1754.18
1755.46
1756.73
1758.01
1759.28
1760.56
1761.83
1763.11
1764.38
1765.66
1766.93
1768.21
1769.48
1770.76
1772.03
1773.31
1774.58
1775.86
1777.13
1778.41
1779.68
1780.96
1782.23
1783.5
1784.78
1786.05
1787.33
1788.6
1789.88
1791.15
1792.43
1793.7
1794.98
1796.25
1797.52
1798.8
1800.07
1801.35
1802.62
1803.9
1805.17
1806.44
1807.72
1808.99
1810.27
1811.54
1812.82
1814.09
1815.36
1816.64
1817.91
1819.19
1820.46
1821.73
1823.01
1824.28
1825.55
1826.83
1828.1
1829.38
1830.65
1831.92
1833.2
1834.47
1835.74
1837.02
1838.29
1839.56
1840.84
1842.11
1843.38
1844.66
1845.93
1847.21
1848.48
1849.75
1851.03
1852.3
1853.57
1854.84
1856.12
1857.39
1858.66
1859.94
1861.21
1862.48
1863.76
1865.03
1866.3
1867.58
1868.85
1870.12
1871.39
1872.67
1873.94
1875.21
1876.48
1877.76
1879.03
1880.3
1881.58
1882.85
1884.12
1885.39
1886.67
1887.94
1889.21
1890.48
1891.76
1893.03
1894.3
1895.57
1896.84
1898.12
1899.39
1900.66
1901.93
1903.21
1904.48
1905.75
1907.02
1908.29
1909.57
1910.84
1912.11
1913.38
1914.65
1915.93
1917.2
1918.47
1919.74
1921.01
1922.28
1923.56
1924.83
1926.1
1927.37
1928.64
1929.91
1931.19
1932.46
1933.73
1935
1936.27
1937.54
1938.81
1940.09
1941.36
1942.63
1943.9
1945.17
1946.44
1947.71
1948.98
1950.26
1951.53
1952.8
1954.07
1955.34
1956.61
1957.88
1959.15
1960.42
1961.69
1962.97
1964.24
1965.51
1966.78
1968.05
1969.32
1970.59
1971.86
1973.13
1974.4
1975.67
1976.94
1978.21
1979.48
1980.75
1982.02
1983.29
1984.57
1985.84
1987.11
1988.38
1989.65
1990.92
1992.19
1993.46
1994.73
1996
1997.27
1998.54
1999.81
2001.08
2002.35
2003.62
2004.89
2006.16
2007.43
2008.7
2009.97
2011.24
2012.51
2013.78
2015.04
2016.31
2017.58
2018.85
2020.12
2021.39
2022.66
2023.93
2025.2
2026.47
2027.74
2029.01
2030.28
2031.55
2032.82
2034.09
2035.35
2036.62
2037.89
2039.16
2040.43
2041.7
2042.97
2044.24
2045.51
2046.78
2048.05
2049.31
2050.58
2051.85
2053.12
2054.39
2055.66
2056.93
2058.2
2059.46
2060.73
2062
2063.27
2064.54
2065.81
2067.07
2068.34
2069.61
2070.88
2072.15
2073.42
2074.68
2075.95
2077.22
2078.49
2079.76
2081.03
2082.29
2083.56
2084.83
2086.1
2087.37
2088.63
2089.9
2091.17
2092.44
2093.7
2094.97
2096.24
2097.51
2098.78
2100.04
2101.31
2102.58
2103.85
2105.11
2106.38
2107.65
2108.92
2110.18
2111.45
2112.72
2113.99
2115.25
2116.52
2117.79
2119.05
2120.32
2121.59
2122.86
2124.12
2125.39
2126.66
2127.92
2129.19
2130.46
2131.72
2132.99
2134.26
2135.52
2136.79
2138.06
2139.32
2140.59
2141.86
2143.12
2144.39
2145.66
2146.92
2148.19
2149.46
2150.72
2151.99
2153.26
2154.52
2155.79
2157.05
2158.32
2159.59
2160.85
2162.12
2163.39
2164.65
2165.92
2167.18
2168.45
2169.72
2170.98
2172.25
2173.51
2174.78
2176.05
2177.31
2178.58
2179.84
2181.11
2182.37
2183.64
2184.9
2186.17
2187.44
2188.7
2189.97
2191.23
2192.5
2193.76
2195.03
2196.29
2197.56
2198.82
2200.09
2201.35
2202.62
2203.88
2205.15
2206.41
2207.68
2208.94
2210.21
2211.47
2212.74
2214
2215.27
2216.53
2217.8
2219.06
2220.33
2221.59
2222.86
2224.12
2225.39
2226.65
2227.91
2229.18
2230.44
2231.71
2232.97
2234.24
2235.5
2236.76
2238.03
2239.29
2240.56
2241.82
2243.09
2244.35
2245.61
2246.88
2248.14
2249.41
2250.67
2251.93
2253.2
2254.46
2255.72
2256.99
2258.25
2259.52
2260.78
2262.04
2263.31
2264.57
2265.83
2267.1
2268.36
2269.62
2270.89
2272.15
2273.41
2274.68
2275.94
2277.2
2278.47
2279.73
2280.99
2282.26
2283.52
2284.78
2286.04
2287.31
2288.57
2289.83
2291.1
2292.36
2293.62
2294.88
2296.15
2297.41
2298.67
2299.94
2301.2
2302.46
2303.72
2304.99
2306.25
2307.51
2308.77
2310.03
2311.3
2312.56
2313.82
2315.08
2316.35
2317.61
2318.87
2320.13
2321.39
2322.66
2323.92
2325.18
2326.44
2327.7
2328.97
2330.23
2331.49
2332.75
2334.01
2335.27
2336.54
2337.8
2339.06
2340.32
2341.58
2342.84
2344.1
2345.37
2346.63
2347.89
2349.15
2350.41
2351.67
2352.93
2354.2
2355.46
2356.72
2357.98
2359.24
2360.5
2361.76
2363.02
2364.28
2365.54
2366.8
2368.07
2369.33
2370.59
2371.85
2373.11
2374.37
2375.63
2376.89
2378.15
2379.41
2380.67
2381.93
2383.19
2384.45
2385.71
2386.97
2388.23
2389.49
2390.75
2392.01
2393.27
2394.53
2395.79
2397.05
2398.31
2399.57
2400.83
2402.09
2403.35
2404.61
2405.87
2407.13
2408.39
2409.65
2410.91
2412.17
2413.43
2414.69
2415.95
2417.21
2418.47
2419.73
2420.99
2422.25
2423.51
2424.76
2426.02
2427.28
2428.54
2429.8
2431.06
2432.32
2433.58
2434.84
2436.1
2437.35
2438.61
2439.87
2441.13
2442.39
2443.65
2444.91
2446.17
2447.42
2448.68
2449.94
2451.2
2452.46
2453.72
2454.98
2456.23
2457.49
2458.75
2460.01
2461.27
2462.52
2463.78
2465.04
2466.3
2467.56
2468.82
2470.07
2471.33
2472.59
2473.85
2475.1
2476.36
2477.62
2478.88
2480.14
2481.39
2482.65
2483.91
2485.17
2486.42
2487.68
2488.94
2490.2
2491.45
2492.71
2493.97
2495.22
2496.48
2497.74
2499
2500.25
2501.51
2502.77
2504.02
2505.28
2506.54
2507.8
2509.05
2510.31
2511.57
2512.82
2514.08
2515.34
2516.59
2517.85
2519.11
2520.36
2521.62
2522.88
2524.13
2525.39
2526.64
2527.9
2529.16
2530.41
2531.67
2532.93
2534.18
2535.44
2536.69
2537.95
2539.21
2540.46
2541.72
2542.97
2544.23
2545.48
2546.74
2548
2549.25
2550.51
2551.76
2553.02
2554.27
2555.53
2556.78
2558.04
2559.3
2560.55
2561.81
2563.06
2564.32
2565.57
2566.83
2568.08
2569.34
2570.59
2571.85
2573.1
2574.36
2575.61
2576.87
2578.12
2579.38
2580.63
2581.89
2583.14
2584.4
2585.65
2586.9
2588.16
2589.41
2590.67
2591.92
2593.18
2594.43
2595.69
2596.94
2598.19
2599.45
2600.7
2601.96
2603.21
2604.46
2605.72
2606.97
2608.23
2609.48
2610.73
2611.99
2613.24
2614.5
2615.75
2617
2618.26
2619.51
2620.76
2622.02
2623.27
2624.52
2625.78
2627.03
2628.28
2629.54
2630.79
2632.04
2633.3
2634.55
2635.8
2637.06
2638.31
2639.56
2640.82
2642.07
2643.32
2644.57
2645.83
2647.08
2648.33
2649.58
2650.84
2652.09
2653.34
2654.6
2655.85
2657.1
2658.35
2659.6
2660.86
2662.11
2663.36
2664.61
2665.87
2667.12
2668.37
2669.62
2670.87
2672.13
2673.38
2674.63
2675.88
2677.13
2678.39
2679.64
2680.89
2682.14
2683.39
2684.64
2685.9
2687.15
2688.4
2689.65
2690.9
2692.15
2693.4
2694.66
2695.91
2697.16
2698.41
2699.66
2700.91
2702.16
2703.41
2704.66
2705.92
2707.17
2708.42
2709.67
2710.92
2712.17
2713.42
2714.67
2715.92
2717.17
2718.42
2719.67
2720.92
2722.17
2723.42
2724.68
2725.93
2727.18
2728.43
2729.68
2730.93
2732.18
2733.43
2734.68
2735.93
2737.18
2738.43
2739.68
2740.93
2742.18
2743.43
2744.68
2745.93
2747.18
2748.42
2749.67
2750.92
2752.17
2753.42
2754.67
2755.92
2757.17
2758.42
2759.67
2760.92
2762.17
2763.42
2764.67
2765.92
2767.16
2768.41
2769.66
2770.91
2772.16
2773.41
2774.66
2775.91
2777.16
2778.4
2779.65
2780.9
2782.15
2783.4
2784.65
2785.9
2787.14
2788.39
2789.64
2790.89
2792.14
2793.38
2794.63
2795.88
2797.13
2798.38
2799.62
2800.87
2802.12
2803.37
2804.62
2805.86
2807.11
2808.36
2809.61
2810.85
2812.1
2813.35
2814.6
2815.85
2817.09
2818.34
2819.59
2820.83
2822.08
2823.33
2824.58
2825.82
2827.07
2828.32
2829.56
2830.81
2832.06
2833.31
2834.55
2835.8
2837.05
2838.29
2839.54
2840.79
2842.03
2843.28
2844.53
2845.77
2847.02
2848.27
2849.51
2850.76
2852
2853.25
2854.5
2855.74
2856.99
2858.24
2859.48
2860.73
2861.97
2863.22
2864.47
2865.71
2866.96
2868.2
2869.45
2870.69
2871.94
2873.19
2874.43
2875.68
2876.92
2878.17
2879.41
2880.66
2881.9
2883.15
2884.39
2885.64
2886.88
2888.13
2889.37
2890.62
2891.86
2893.11
2894.35
2895.6
2896.84
2898.09
2899.33
2900.58
2901.82
2903.07
2904.31
2905.56
2906.8
2908.05
2909.29
2910.53
2911.78
2913.02
2914.27
2915.51
2916.76
2918
2919.24
2920.49
2921.73
2922.98
2924.22
2925.46
2926.71
2927.95
2929.19
2930.44
2931.68
2932.93
2934.17
2935.41
2936.66
2937.9
2939.14
2940.39
2941.63
2942.87
2944.12
2945.36
2946.6
2947.85
2949.09
2950.33
2951.58
2952.82
2954.06
2955.3
2956.55
2957.79
2959.03
2960.27
2961.52
2962.76
2964
2965.25
2966.49
2967.73
2968.97
2970.21
2971.46
2972.7
2973.94
2975.18
2976.43
2977.67
2978.91
2980.15
2981.39
2982.64
2983.88
2985.12
2986.36
2987.6
2988.85
2990.09
2991.33
2992.57
2993.81
2995.05
2996.29
2997.54
2998.78
3000.02
3001.26
3002.5
3003.74
3004.98
3006.22
3007.47
3008.71
3009.95
3011.19
3012.43
3013.67
3014.91
3016.15
3017.39
3018.63
3019.87
3021.11
3022.36
3023.6
3024.84
3026.08
3027.32
3028.56
3029.8
3031.04
3032.28
3033.52
3034.76
3036
3037.24
3038.48
3039.72
3040.96
3042.2
3043.44
3044.68
3045.92
3047.16
3048.4
3049.64
3050.88
3052.12
3053.36
3054.59
3055.83
3057.07
3058.31
3059.55
3060.79
3062.03
3063.27
3064.51
3065.75
3066.99
3068.23
3069.46
3070.7
3071.94
3073.18
3074.42
3075.66
3076.9
3078.14
3079.37
3080.61
3081.85
3083.09
3084.33
3085.57
3086.8
3088.04
3089.28
3090.52
3091.76
3093
3094.23
3095.47
3096.71
3097.95
3099.19
3100.42
3101.66
3102.9
3104.14
3105.37
3106.61
3107.85
3109.09
3110.32
3111.56
3112.8
3114.04
3115.27
3116.51
3117.75
3118.99
3120.22
3121.46
3122.7
3123.93
3125.17
3126.41
3127.64
3128.88
3130.12
3131.35
3132.59
3133.83
3135.06
3136.3
3137.54
3138.77
3140.01
3141.25
3142.48
3143.72
3144.96
3146.19
3147.43
3148.66
3149.9
3151.14
3152.37
3153.61
3154.84
3156.08
3157.32
3158.55
3159.79
3161.02
3162.26
3163.49
3164.73
3165.96
3167.2
3168.44
3169.67
3170.91
3172.14
3173.38
3174.61
3175.85
3177.08
3178.32
3179.55
3180.79
3182.02
3183.26
3184.49
3185.73
3186.96
3188.2
3189.43
3190.66
3191.9
3193.13
3194.37
3195.6
3196.84
3198.07
3199.31
3200.54
3201.77
3203.01
3204.24
3205.48
3206.71
3207.94
3209.18
3210.41
3211.65
3212.88
3214.11
3215.35
3216.58
3217.81
3219.05
3220.28
3221.51
3222.75
3223.98
3225.21
3226.45
3227.68
3228.91
3230.15
3231.38
3232.61
3233.85
3235.08
3236.31
3237.54
3238.78
3240.01
3241.24
3242.48
3243.71
3244.94
3246.17
3247.41
3248.64
3249.87
3251.1
3252.33
3253.57
3254.8
3256.03
3257.26
3258.5
3259.73
3260.96
3262.19
3263.42
3264.66
3265.89
3267.12
3268.35
3269.58
3270.81
3272.05
3273.28
3274.51
3275.74
3276.97
3278.2
3279.43
3280.67
3281.9
3283.13
3284.36
3285.59
3286.82
3288.05
3289.28
3290.51
3291.74
3292.97
3294.21
3295.44
3296.67
3297.9
3299.13
3300.36
3301.59
3302.82
3304.05
3305.28
3306.51
3307.74
3308.97
3310.2
3311.43
3312.66
3313.89
3315.12
3316.35
3317.58
3318.81
3320.04
3321.27
3322.5
3323.73
3324.96
3326.19
3327.42
3328.65
3329.88
3331.11
3332.33
3333.56
3334.79
3336.02
3337.25
3338.48
3339.71
3340.94
3342.17
3343.4
3344.62
3345.85
3347.08
3348.31
3349.54
3350.77
3352
3353.23
3354.45
3355.68
3356.91
3358.14
3359.37
3360.59
3361.82
3363.05
3364.28
3365.51
3366.74
3367.96
3369.19
3370.42
3371.65
3372.87
3374.1
3375.33
3376.56
3377.78
3379.01
3380.24
3381.47
3382.69
3383.92
3385.15
3386.38
3387.6
3388.83
3390.06
3391.28
3392.51
3393.74
3394.97
3396.19
3397.42
3398.65
3399.87
3401.1
3402.33
3403.55
3404.78
3406
3407.23
3408.46
3409.68
3410.91
3412.14
3413.36
3414.59
3415.81
3417.04
3418.27
3419.49
3420.72
3421.94
3423.17
3424.4
3425.62
3426.85
3428.07
3429.3
3430.52
3431.75
3432.97
3434.2
3435.42
3436.65
3437.88
3439.1
3440.33
3441.55
3442.77
3444
3445.22
3446.45
3447.67
3448.9
3450.12
3451.35
3452.57
3453.8
3455.02
3456.25
3457.47
3458.7
3459.92
3461.14
3462.37
3463.59
3464.82
3466.04
3467.26
3468.49
3469.71
3470.94
3472.16
3473.38
3474.61
3475.83
3477.05
3478.28
3479.5
3480.73
3481.95
3483.17
3484.4
3485.62
3486.84
3488.07
3489.29
3490.51
3491.73
3492.96
3494.18
3495.4
3496.63
3497.85
3499.07
3500.29
3501.52
3502.74
3503.96
3505.18
3506.41
3507.63
3508.85
3510.07
3511.3
3512.52
3513.74
3514.96
3516.19
3517.41
3518.63
3519.85
3521.07
3522.29
3523.52
3524.74
3525.96
3527.18
3528.4
3529.62
3530.85
3532.07
3533.29
3534.51
3535.73
3536.95
3538.17
3539.39
3540.62
3541.84
3543.06
3544.28
3545.5
3546.72
3547.94
3549.16
3550.38
3551.6
3552.81
3554.03
3555.25
3556.46
3557.68
3558.89
3560.11
3561.32
3562.54
3563.75
3564.96
3566.18
3567.39
3568.6
3569.81
3571.02
3572.23
3573.44
3574.65
3575.85
3577.06
3578.27
3579.48
3580.68
3581.89
3583.09
3584.3
3585.5
3586.7
3587.91
3589.11
3590.31
3591.51
3592.71
3593.92
3595.12
3596.31
3597.51
3598.71
3599.91
3601.11
3602.31
3603.5
3604.7
3605.89
3607.09
3608.28
3609.48
3610.67
3611.86
3613.06
3614.25
3615.44
3616.63
3617.82
3619.01
3620.2
3621.39
3622.58
3623.77
3624.96
3626.14
3627.33
3628.52
3629.7
3630.89
3632.07
3633.26
3634.44
3635.62
3636.81
3637.99
3639.17
3640.35
3641.53
3642.71
3643.89
3645.07
3646.25
3647.43
3648.61
3649.79
3650.96
3652.14
3653.32
3654.49
3655.67
3656.84
3658.01
3659.19
3660.36
3661.53
3662.71
3663.88
3665.05
3666.22
3667.39
3668.56
3669.73
3670.9
3672.07
3673.24
3674.4
3675.57
3676.74
3677.9
3679.07
3680.24
3681.4
3682.56
3683.73
3684.89
3686.06
3687.22
3688.38
3689.54
3690.7
3691.86
3693.02
3694.18
3695.34
3696.5
3697.66
3698.82
3699.97
3701.13
3702.29
3703.44
3704.6
3705.76
3706.91
3708.06
3709.22
3710.37
3711.52
3712.68
3713.83
3714.98
3716.13
3717.28
3718.43
3719.58
3720.73
3721.88
3723.03
3724.18
3725.32
3726.47
3727.62
3728.76
3729.91
3731.05
3732.2
3733.34
3734.49
3735.63
3736.77
3737.92
3739.06
3740.2
3741.34
3742.48
3743.62
3744.76
3745.9
3747.04
3748.18
3749.32
3750.45
3751.59
3752.73
3753.86
3755
3756.14
3757.27
3758.4
3759.54
3760.67
3761.81
3762.94
3764.07
3765.2
3766.33
3767.47
3768.6
3769.73
3770.86
3771.99
3773.11
3774.24
3775.37
3776.5
3777.63
3778.75
3779.88
3781
3782.13
3783.25
3784.38
3785.5
3786.63
3787.75
3788.87
3790
3791.12
3792.24
3793.36
3794.48
3795.6
3796.72
3797.84
3798.96
3800.08
3801.2
3802.31
3803.43
3804.55
3805.66
3806.78
3807.9
3809.01
3810.13
3811.24
3812.35
3813.47
3814.58
3815.69
3816.8
3817.92
3819.03
3820.14
3821.25
3822.36
3823.47
3824.58
3825.69
3826.8
3827.9
3829.01
3830.12
3831.23
3832.33
3833.44
3834.54
3835.65
3836.75
3837.86
3838.96
3840.06
3841.17
3842.27
3843.37
3844.47
3845.58
3846.68
3847.78
3848.88
3849.98
3851.08
3852.18
3853.27
3854.37
3855.47
3856.57
3857.66
3858.76
3859.86
3860.95
3862.05
3863.14
3864.24
3865.33
3866.42
3867.52
3868.61
3869.7
3870.79
3871.89
3872.98
3874.07
3875.16
3876.25
3877.34
3878.43
3879.52
3880.6
3881.69
3882.78
3883.87
3884.95
3886.04
3887.13
3888.21
3889.3
3890.38
3891.47
3892.55
3893.63
3894.72
3895.8
3896.88
3897.97
3899.05
3900.13
3901.21
3902.29
3903.37
3904.45
3905.53
3906.61
3907.69
3908.76
3909.84
3910.92
3912
3913.07
3914.15
3915.22
3916.3
3917.37
3918.45
3919.52
3920.6
3921.67
3922.74
3923.82
3924.89
3925.96
3927.03
3928.1
3929.17
3930.24
3931.31
3932.38
3933.45
3934.52
3935.59
3936.66
3937.72
3938.79
3939.86
3940.92
3941.99
3943.06
3944.12
3945.19
3946.25
3947.31
3948.38
3949.44
3950.51
3951.57
3952.63
3953.69
3954.75
3955.81
3956.88
3957.94
3959
3960.06
3961.11
3962.17
3963.23
3964.29
3965.35
3966.41
3967.46
3968.52
3969.57
3970.63
3971.69
3972.74
3973.8
3974.85
3975.9
3976.96
3978.01
3979.06
3980.12
3981.17
3982.22
3983.27
3984.32
3985.37
3986.42
3987.47
3988.52
3989.57
3990.62
3991.67
3992.72
3993.76
3994.81
3995.86
3996.9
3997.95
3999
4000.04
4001.09
4002.13
4003.18
4004.22
4005.26
4006.31
4007.35
4008.39
4009.43
4010.48
4011.52
4012.56
4013.6
4014.64
4015.68
4016.72
4017.76
4018.8
4019.83
4020.87
4021.91
4022.95
4023.98
4025.02
4026.06
4027.09
4028.13
4029.16
4030.2
4031.23
4032.27
4033.3
4034.33
4035.37
4036.4
4037.43
4038.46
4039.5
4040.53
4041.56
4042.59
4043.62
4044.65
4045.68
4046.71
4047.74
4048.76
4049.79
4050.82
4051.85
4052.87
4053.9
4054.93
4055.95
4056.98
4058
4059.03
4060.05
4061.08
4062.1
4063.12
4064.15
4065.17
4066.19
4067.22
4068.24
4069.26
4070.28
4071.3
4072.32
4073.34
4074.36
4075.38
4076.4
4077.42
4078.43
4079.45
4080.47
4081.49
4082.5
4083.52
4084.54
4085.55
4086.57
4087.58
4088.6
4089.61
4090.63
4091.64
4092.65
4093.67
4094.68
4095.69
4096.7
4097.71
4098.73
4099.74
4100.75
4101.76
4102.77
4103.78
4104.79
4105.79
4106.8
4107.81
4108.82
4109.83
4110.83
4111.84
4112.85
4113.85
4114.86
4115.86
4116.87
4117.87
4118.88
4119.88
4120.89
4121.89
4122.89
4123.9
4124.9
4125.9
4126.9
4127.9
4128.9
4129.9
4130.91
4131.91
4132.91
4133.9
4134.9
4135.9
4136.9
4137.9
4138.9
4139.89
4140.89
4141.89
4142.88
4143.88
4144.88
4145.87
4146.87
4147.86
4148.86
4149.85
4150.84
4151.84
4152.83
4153.82
4154.81
4155.81
4156.8
4157.79
4158.78
4159.77
4160.76
4161.75
4162.74
4163.73
4164.72
4165.71
4166.7
4167.69
4168.67
4169.66
4170.65
4171.64
4172.62
4173.61
4174.59
4175.58
4176.56
4177.55
4178.53
4179.52
4180.5
4181.49
4182.47
4183.45
4184.43
4185.42
4186.4
4187.38
4188.36
4189.34
4190.32
4191.3
4192.28
4193.26
4194.24
4195.22
4196.2
4197.18
4198.16
4199.13
4200.11
4201.09
4202.07
4203.04
4204.02
4204.99
4205.97
4206.94
4207.92
4208.89
4209.87
4210.84
4211.82
4212.79
4213.76
4214.73
4215.71
4216.68
4217.65
4218.62
4219.59
4220.56
4221.53
4222.5
4223.47
4224.44
4225.41
4226.38
4227.35
4228.32
4229.29
4230.25
4231.22
4232.19
4233.15
4234.12
4235.09
4236.05
4237.02
4237.98
4238.95
4239.91
4240.88
4241.84
4242.8
4243.77
4244.73
4245.69
4246.65
4247.62
4248.58
4249.54
4250.5
4251.46
4252.42
4253.38
4254.34
4255.3
4256.26
4257.22
4258.18
4259.14
4260.09
4261.05
4262.01
4262.97
4263.92
4264.88
4265.84
4266.79
4267.75
4268.7
4269.66
4270.61
4271.57
4272.52
4273.47
4274.43
4275.38
4276.33
4277.28
4278.24
4279.19
4280.14
4281.09
4282.04
4282.99
4283.94
4284.89
4285.84
4286.79
4287.74
4288.69
4289.64
4290.59
4291.53
4292.48
4293.43
4294.38
4295.32
4296.27
4297.22
4298.16
4299.11
4300.05
4301
4301.94
4302.89
4303.83
4304.77
4305.72
4306.66
4307.6
4308.55
4309.49
4310.43
4311.37
4312.31
4313.25
4314.19
4315.13
4316.07
4317.01
4317.95
4318.89
4319.83
4320.77
4321.71
4322.65
4323.58
4324.52
4325.46
4326.4
4327.33
4328.27
4329.21
4330.14
4331.08
4332.01
4332.95
4333.88
4334.81
4335.75
4336.68
4337.62
4338.55
4339.48
4340.41
4341.35
4342.28
4343.21
4344.14
4345.07
4346
4346.93
4347.86
4348.79
4349.72
4350.65
4351.58
4352.51
4353.44
4354.37
4355.29
4356.22
4357.15
4358.08
4359
4359.93
4360.85
4361.78
4362.71
4363.63
4364.56
4365.48
4366.41
4367.33
4368.25
4369.18
4370.1
4371.02
4371.95
4372.87
4373.79
4374.71
4375.63
4376.55
4377.48
4378.4
4379.32
4380.24
4381.16
4382.08
4382.99
4383.91
4384.83
4385.75
4386.67
4387.59
4388.5
4389.42
4389
4389
4389
4389
4389
4389
4389
4389
4389
4389
4389
4389
4389
4389
4389
4389
4389
4389
4389
4389
4389
4389
4389
4389
4389
4389
4389
4389
4389
4389
4389
4389
4389
4389
4389
4389
4389
4389
4389
4389
4389
4389
4389
4389
4389
4389
4389
4389
4389
4389
4389
4389
4389
4389
4389
4389
4389
4389
4389
4389
4389
4389
4389
4389
4389
4389
4389
4389
4389
4389
4389
4389
4389
4389
4389
4389
4389
4389
4389
4389
4389
4389
4389
4389
4389
4389
4389
4389
4389
4389
4389
4389
4389
4389
4389
4389
4389
4389
4389
4389
4389
4389
4389
4389
4389
4389
4389
4389
4389
4389
4389
4389
4389
4389
4389
4389
4389
4389
4389
4389
4389
4389
4389
4389
4389
4389
4389
4389
4389
4389
4389
4389
4389
4389
4389
4389
4389
4389
4389
4389
4389
4389
4389
4389
4389
4389
4389
4389
4389
4389
4389
4389
4389
4389
4389
4389
4389
4389
4389
4389
4389
4389
4389
4389
4389
4389
4389
4389
4389
4389
4389
4389
4389
4389
4389
4389
4389
4389
4389
4389
4389
4389
4389
4389
4389
4389
4389
4389
4389
4389
4389
4389
4389
4389
4389
4389
4389
4389
4389
4389
4389
4389
4389
4389
4389
4389
4389
4389
4389
4389
4389
4389
4389
4389
4389
4389
4389
4389
4389
4389
4389
4389
4389
4389
4389
4389
4389
4389
4389
4389
4389
4389
4389
4389
4389
4389
4389
4389
4389
4389
4389
4389
4389
4389
4389
4389
4389
4389
4389
4389
4389
4389
4389
4389
4389
4389
4389
4389
4389
4389
4389
4389
4389
4389
4389
4389
4389
4389
4389
4389
4389
4389
4389
4389
4389
4389
4389
4389
4389
4389
4389
4389
4389
4389
4389
4389
4389
4389
4389
4389
4389
4389
4389
4389
4389
4389
4389
4389
4389
4389
4389
4389
4389
4389
4389
4389
4389
4389
4389
4389
4389
4389
4389
4389
4389
4389
4389
4389
4389
4389
4389
4389
4389
4389
4389
4389
4389
4389
4389
4389
4389
4389
4389
4389
4389
4389
4389
4389
4389
4389
4389
4389
4389
4389
4389
4389
4389
4389
4389
4389
4389
4389
4389
4389
4389
4389
4389
4389
4389
4389
4389
4389
4389
4389
4389
4389
4389
4389
4389
4389
