0.035316
0.070632
0.105948
0.141264
0.17658
0.211896
0.247212
0.282528
0.317844
0.35316
0.388476
0.423792
0.459108
0.494424
0.52974
0.565056
0.600372
0.635688
0.671004
0.706319
0.741635
0.776951
0.812267
0.847583
0.882899
0.918215
0.95353
0.988846
1.02416
1.05948
1.09479
1.13011
1.16543
1.20074
1.23606
1.27137
1.30669
1.342
1.37732
1.41263
1.44795
1.48327
1.51858
1.5539
1.58921
1.62453
1.65984
1.69516
1.73047
1.76579
1.8011
1.83642
1.87174
1.90705
1.94237
1.97768
2.013
2.04831
2.08363
2.11894
2.15426
2.18957
2.22489
2.2602
2.29552
2.33083
2.36615
2.40146
2.43678
2.47209
2.50741
2.54272
2.57804
2.61335
2.64866
2.68398
2.71929
2.75461
2.78992
2.82524
2.86055
2.89587
2.93118
2.96649
3.00181
3.03712
3.07244
3.10775
3.14306
3.17838
3.21369
3.24901
3.28432
3.31963
3.35495
3.39026
3.42557
3.46089
3.4962
3.53151
3.56683
3.60214
3.63745
3.67277
3.70808
3.74339
3.77871
3.81402
3.84933
3.88465
3.91996
3.95527
3.99058
4.0259
4.06121
4.09652
4.13183
4.16715
4.20246
4.23777
4.27308
4.3084
4.34371
4.37902
4.41433
4.44964
4.48496
4.52027
4.55558
4.59089
4.6262
4.66151
4.69683
4.73214
4.76745
4.80276
4.83807
4.87338
4.90869
4.944
4.97931
5.01462
5.04994
5.08525
5.12056
5.15587
5.19118
5.22649
5.2618
5.29711
5.33242
5.36773
5.40304
5.43835
5.47366
5.50897
5.54428
5.57959
5.6149
5.65021
5.68552
5.72082
5.75613
5.79144
5.82675
5.86206
5.89737
5.93268
5.96799
6.0033
6.0386
6.07391
6.10922
6.14453
6.17984
6.21514
6.25045
6.28576
6.32107
6.35638
6.39168
6.42699
6.4623
6.4976
6.53291
6.56822
6.60353
6.63883
6.67414
6.70945
6.74475
6.78006
6.81537
6.85067
6.88598
6.92128
6.95659
6.9919
7.0272
7.06251
7.09781
7.13312
7.16842
7.20373
7.23903
7.27434
7.30964
7.34495
7.38025
7.41556
7.45086
7.48617
7.52147
7.55677
7.59208
7.62738
7.66269
7.69799
7.73329
7.7686
7.8039
7.8392
7.87451
7.90981
7.94511
7.98042
8.01572
8.05102
8.08632
8.12163
8.15693
8.19223
8.22753
8.26283
8.29813
8.33344
8.36874
8.40404
8.43934
8.47464
8.50994
8.54524
8.58054
8.61584
8.65114
8.68645
8.72175
8.75705
8.79235
8.82765
8.86294
8.89824
8.93354
8.96884
9.00414
9.03944
9.07474
9.11004
9.14534
9.18064
9.21593
9.25123
9.28653
9.32183
9.35713
9.39242
9.42772
9.46302
9.49832
9.53361
9.56891
9.60421
9.6395
9.6748
9.7101
9.74539
9.78069
9.81598
9.85128
9.88658
9.92187
9.95717
9.99246
10.0278
10.0631
10.0983
10.1336
10.1689
10.2042
10.2395
10.2748
10.3101
10.3454
10.3807
10.416
10.4513
10.4866
10.5219
10.5572
10.5925
10.6277
10.663
10.6983
10.7336
10.7689
10.8042
10.8395
10.8748
10.9101
10.9454
10.9807
11.016
11.0512
11.0865
11.1218
11.1571
11.1924
11.2277
11.263
11.2983
11.3336
11.3689
11.4041
11.4394
11.4747
11.51
11.5453
11.5806
11.6159
11.6512
11.6864
11.7217
11.757
11.7923
11.8276
11.8629
11.8982
11.9335
11.9687
12.004
12.0393
12.0746
12.1099
12.1452
12.1805
12.2157
12.251
12.2863
12.3216
12.3569
12.3922
12.4274
12.4627
12.498
12.5333
12.5686
12.6039
12.6391
12.6744
12.7097
12.745
12.7803
12.8156
12.8508
12.8861
12.9214
12.9567
12.992
13.0272
13.0625
13.0978
13.1331
13.1684
13.2036
13.2389
13.2742
13.3095
13.3448
13.38
13.4153
13.4506
13.4859
13.5211
13.5564
13.5917
13.627
13.6623
13.6975
13.7328
13.7681
13.8034
13.8386
13.8739
13.9092
13.9445
13.9797
14.015
14.0503
14.0856
14.1208
14.1561
14.1914
14.2267
14.2619
14.2972
14.3325
14.3678
14.403
14.4383
14.4736
14.5088
14.5441
14.5794
14.6147
14.6499
14.6852
14.7205
14.7557
14.791
14.8263
14.8616
14.8968
14.9321
14.9674
15.0026
15.0379
15.0732
15.1084
15.1437
15.179
15.2142
15.2495
15.2848
15.32
15.3553
15.3906
15.4258
15.4611
15.4964
15.5316
15.5669
15.6022
15.6374
15.6727
15.708
15.7432
15.7785
15.8138
15.849
15.8843
15.9195
15.9548
15.9901
16.0253
16.0606
16.0959
16.1311
16.1664
16.2016
16.2369
16.2722
16.3074
16.3427
16.3779
16.4132
16.4485
16.4837
16.519
16.5542
16.5895
16.6248
16.66
16.6953
16.7305
16.7658
16.801
16.8363
16.8716
16.9068
16.9421
16.9773
17.0126
17.0478
17.0831
17.1183
17.1536
17.1889
17.2241
17.2594
17.2946
17.3299
17.3651
17.4004
17.4356
17.4709
17.5061
17.5414
17.5766
17.6119
17.6471
17.6824
17.7176
17.7529
17.7881
17.8234
17.8586
17.8939
17.9291
17.9644
17.9996
18.0349
18.0701
18.1054
18.1406
18.1759
18.2111
18.2464
18.2816
18.3169
18.3521
18.3873
18.4226
18.4578
18.4931
18.5283
18.5636
18.5988
18.6341
18.6693
18.7045
18.7398
18.775
18.8103
18.8455
18.8807
18.916
18.9512
18.9865
19.0217
19.057
19.0922
19.1274
19.1627
19.1979
19.2331
19.2684
19.3036
19.3389
19.3741
19.4093
19.4446
19.4798
19.515
19.5503
19.5855
19.6208
19.656
19.6912
19.7265
19.7617
19.7969
19.8322
19.8674
19.9026
19.9379
19.9731
20.0083
20.0436
20.0788
20.114
20.1492
20.1845
20.2197
20.2549
20.2902
20.3254
20.3606
20.3959
20.4311
20.4663
20.5015
20.5368
20.572
20.6072
20.6425
20.6777
20.7129
20.7481
20.7834
20.8186
20.8538
20.889
20.9243
20.9595
20.9947
21.0299
21.0651
21.1004
21.1356
21.1708
21.206
21.2413
21.2765
21.3117
21.3469
21.3821
21.4174
21.4526
21.4878
21.523
21.5582
21.5935
21.6287
21.6639
21.6991
21.7343
21.7695
21.8048
21.84
21.8752
21.9104
21.9456
21.9808
22.0161
22.0513
22.0865
22.1217
22.1569
22.1921
22.2273
22.2625
22.2978
22.333
22.3682
22.4034
22.4386
22.4738
22.509
22.5442
22.5794
22.6147
22.6499
22.6851
22.7203
22.7555
22.7907
22.8259
22.8611
22.8963
22.9315
22.9667
23.0019
23.0371
23.0723
23.1075
23.1427
23.178
23.2132
23.2484
23.2836
23.3188
23.354
23.3892
23.4244
23.4596
23.4948
23.53
23.5652
23.6004
23.6356
23.6708
23.706
23.7412
23.7764
23.8116
23.8468
23.882
23.9171
23.9523
23.9875
24.0227
24.0579
24.0931
24.1283
24.1635
24.1987
24.2339
24.2691
24.3043
24.3395
24.3747
24.4099
24.445
24.4802
24.5154
24.5506
24.5858
24.621
24.6562
24.6914
24.7266
24.7618
24.7969
24.8321
24.8673
24.9025
24.9377
24.9729
25.0081
25.0432
25.0784
25.1136
25.1488
25.184
25.2192
25.2543
25.2895
25.3247
25.3599
25.3951
25.4302
25.4654
25.5006
25.5358
25.571
25.6061
25.6413
25.6765
25.7117
25.7469
25.782
25.8172
25.8524
25.8876
25.9227
25.9579
25.9931
26.0283
26.0634
26.0986
26.1338
26.169
26.2041
26.2393
26.2745
26.3096
26.3448
26.38
26.4152
26.4503
26.4855
26.5207
26.5558
26.591
26.6262
26.6613
26.6965
26.7317
26.7668
26.802
26.8372
26.8723
26.9075
26.9427
26.9778
27.013
27.0481
27.0833
27.1185
27.1536
27.1888
27.224
27.2591
27.2943
27.3294
27.3646
27.3997
27.4349
27.4701
27.5052
27.5404
27.5755
27.6107
27.6459
27.681
27.7162
27.7513
27.7865
27.8216
27.8568
27.8919
27.9271
27.9622
27.9974
28.0325
28.0677
28.1028
28.138
28.1731
28.2083
28.2434
28.2786
28.3137
28.3489
28.384
28.4192
28.4543
28.4895
28.5246
28.5598
28.5949
28.6301
28.6652
28.7003
28.7355
28.7706
28.8058
28.8409
28.876
28.9112
28.9463
28.9815
29.0166
29.0517
29.0869
29.122
29.1572
29.1923
29.2274
29.2626
29.2977
29.3328
29.368
29.4031
29.4383
29.4734
29.5085
29.5437
29.5788
29.6139
29.6491
29.6842
29.7193
29.7544
29.7896
29.8247
29.8598
29.895
29.9301
29.9652
30.0003
30.0355
30.0706
30.1057
30.1409
30.176
30.2111
30.2462
30.2814
30.3165
30.3516
30.3867
30.4218
30.457
30.4921
30.5272
30.5623
30.5974
30.6326
30.6677
30.7028
30.7379
30.773
30.8082
30.8433
30.8784
30.9135
30.9486
30.9837
31.0189
31.054
31.0891
31.1242
31.1593
31.1944
31.2295
31.2646
31.2998
31.3349
31.37
31.4051
31.4402
31.4753
31.5104
31.5455
31.5806
31.6157
31.6508
31.6859
31.721
31.7561
31.7913
31.8264
31.8615
31.8966
31.9317
31.9668
32.0019
32.037
32.0721
32.1072
32.1423
32.1774
32.2125
32.2476
32.2827
32.3178
32.3529
32.388
32.4231
32.4581
32.4932
32.5283
32.5634
32.5985
32.6336
32.6687
32.7038
32.7389
32.774
32.8091
32.8442
32.8793
32.9143
32.9494
32.9845
33.0196
33.0547
33.0898
33.1249
33.16
33.195
33.2301
33.2652
33.3003
33.3354
33.3705
33.4055
33.4406
33.4757
33.5108
33.5459
33.5809
33.616
33.6511
33.6862
33.7213
33.7563
33.7914
33.8265
33.8616
33.8966
33.9317
33.9668
34.0019
34.0369
34.072
34.1071
34.1422
34.1772
34.2123
34.2474
34.2824
34.3175
34.3526
34.3876
34.4227
34.4578
34.4928
34.5279
34.563
34.598
34.6331
34.6682
34.7032
34.7383
34.7734
34.8084
34.8435
34.8785
34.9136
34.9487
34.9837
35.0188
35.0538
35.0889
35.124
35.159
35.1941
35.2291
35.2642
35.2992
35.3343
35.3693
35.4044
35.4394
35.4745
35.5096
35.5446
35.5797
35.6147
35.6498
35.6848
35.7199
35.7549
35.7899
35.825
35.86
35.8951
35.9301
35.9652
36.0002
36.0353
36.0703
36.1054
36.1404
36.1754
36.2105
36.2455
36.2806
36.3156
36.3506
36.3857
36.4207
36.4558
36.4908
36.5258
36.5609
36.5959
36.6309
36.666
36.701
36.736
36.7711
36.8061
36.8411
36.8762
36.9112
36.9462
36.9813
37.0163
37.0513
37.0863
37.1214
37.1564
37.1914
37.2264
37.2615
37.2965
37.3315
37.3665
37.4016
37.4366
37.4716
37.5066
37.5416
37.5767
37.6117
37.6467
37.6817
37.7167
37.7518
37.7868
37.8218
37.8568
37.8918
37.9268
37.9619
37.9969
38.0319
38.0669
38.1019
38.1369
38.1719
38.2069
38.2419
38.277
38.312
38.347
38.382
38.417
38.452
38.487
38.522
38.557
38.592
38.627
38.662
38.697
38.732
38.767
38.802
38.837
38.872
38.907
38.942
38.977
39.012
39.047
39.082
39.117
39.152
39.187
39.222
39.257
39.292
39.327
39.3619
39.3969
39.4319
39.4669
39.5019
39.5369
39.5719
39.6069
39.6419
39.6768
39.7118
39.7468
39.7818
39.8168
39.8518
39.8867
39.9217
39.9567
39.9917
40.0267
40.0617
40.0966
40.1316
40.1666
40.2016
40.2365
40.2715
40.3065
40.3415
40.3764
40.4114
40.4464
40.4814
40.5163
40.5513
40.5863
40.6212
40.6562
40.6912
40.7262
40.7611
40.7961
40.8311
40.866
40.901
40.936
40.9709
41.0059
41.0408
41.0758
41.1108
41.1457
41.1807
41.2156
41.2506
41.2856
41.3205
41.3555
41.3904
41.4254
41.4604
41.4953
41.5303
41.5652
41.6002
41.6351
41.6701
41.705
41.74
41.7749
41.8099
41.8448
41.8798
41.9147
41.9497
41.9846
42.0196
42.0545
42.0895
42.1244
42.1593
42.1943
42.2292
42.2642
42.2991
42.334
42.369
42.4039
42.4389
42.4738
42.5087
42.5437
42.5786
42.6135
42.6485
42.6834
42.7183
42.7533
42.7882
42.8231
42.8581
42.893
42.9279
42.9629
42.9978
43.0327
43.0676
43.1026
43.1375
43.1724
43.2074
43.2423
43.2772
43.3121
43.347
43.382
43.4169
43.4518
43.4867
43.5216
43.5566
43.5915
43.6264
43.6613
43.6962
43.7311
43.7661
43.801
43.8359
43.8708
43.9057
43.9406
43.9755
44.0104
44.0454
44.0803
44.1152
44.1501
44.185
44.2199
44.2548
44.2897
44.3246
44.3595
44.3944
44.4293
44.4642
44.4991
44.534
44.5689
44.6038
44.6387
44.6736
44.7085
44.7434
44.7783
44.8132
44.8481
44.883
44.9179
44.9528
44.9877
45.0226
45.0574
45.0923
45.1272
45.1621
45.197
45.2319
45.2668
45.3017
45.3365
45.3714
45.4063
45.4412
45.4761
45.511
45.5458
45.5807
45.6156
45.6505
45.6854
45.7202
45.7551
45.79
45.8249
45.8597
45.8946
45.9295
45.9644
45.9992
46.0341
46.069
46.1039
46.1387
46.1736
46.2085
46.2433
46.2782
46.3131
46.3479
46.3828
46.4177
46.4525
46.4874
46.5222
46.5571
46.592
46.6268
46.6617
46.6965
46.7314
46.7663
46.8011
46.836
46.8708
46.9057
46.9405
46.9754
47.0103
47.0451
47.08
47.1148
47.1497
47.1845
47.2194
47.2542
47.289
47.3239
47.3587
47.3936
47.4284
47.4633
47.4981
47.533
47.5678
47.6026
47.6375
47.6723
47.7072
47.742
47.7768
47.8117
47.8465
47.8813
47.9162
47.951
47.9858
48.0207
48.0555
48.0903
48.1252
48.16
48.1948
48.2297
48.2645
48.2993
48.3341
48.369
48.4038
48.4386
48.4734
48.5083
48.5431
48.5779
48.6127
48.6475
48.6824
48.7172
48.752
48.7868
48.8216
48.8565
48.8913
48.9261
48.9609
48.9957
49.0305
49.0653
49.1001
49.135
49.1698
49.2046
49.2394
49.2742
49.309
49.3438
49.3786
49.4134
49.4482
49.483
49.5178
49.5526
49.5874
49.6222
49.657
49.6918
49.7266
49.7614
49.7962
49.831
49.8658
49.9006
49.9354
49.9702
50.005
50.0398
50.0745
50.1093
50.1441
50.1789
50.2137
50.2485
50.2833
50.3181
50.3528
50.3876
50.4224
50.4572
50.492
50.5268
50.5615
50.5963
50.6311
50.6659
50.7007
50.7354
50.7702
50.805
50.8398
50.8745
50.9093
50.9441
50.9788
51.0136
51.0484
51.0831
51.1179
51.1527
51.1875
51.2222
51.257
51.2917
51.3265
51.3613
51.396
51.4308
51.4656
51.5003
51.5351
51.5698
51.6046
51.6394
51.6741
51.7089
51.7436
51.7784
51.8131
51.8479
51.8826
51.9174
51.9521
51.9869
52.0216
52.0564
52.0911
52.1259
52.1606
52.1954
52.2301
52.2648
52.2996
52.3343
52.3691
52.4038
52.4386
52.4733
52.508
52.5428
52.5775
52.6122
52.647
52.6817
52.7164
52.7512
52.7859
52.8206
52.8554
52.8901
52.9248
52.9596
52.9943
53.029
53.0637
53.0985
53.1332
53.1679
53.2026
53.2373
53.2721
53.3068
53.3415
53.3762
53.4109
53.4457
53.4804
53.5151
53.5498
53.5845
53.6192
53.654
53.6887
53.7234
53.7581
53.7928
53.8275
53.8622
53.8969
53.9316
53.9663
54.001
54.0357
54.0704
54.1051
54.1398
54.1745
54.2092
54.2439
54.2786
54.3133
54.348
54.3827
54.4174
54.4521
54.4868
54.5215
54.5562
54.5909
54.6256
54.6603
54.695
54.7297
54.7643
54.799
54.8337
54.8684
54.9031
54.9378
54.9724
55.0071
55.0418
55.0765
55.1112
55.1458
55.1805
55.2152
55.2499
55.2845
55.3192
55.3539
55.3886
55.4232
55.4579
55.4926
55.5273
55.5619
55.5966
55.6313
55.6659
55.7006
55.7353
55.7699
55.8046
55.8392
55.8739
55.9086
55.9432
55.9779
56.0125
56.0472
56.0819
56.1165
56.1512
56.1858
56.2205
56.2551
56.2898
56.3244
56.3591
56.3937
56.4284
56.463
56.4977
56.5323
56.567
56.6016
56.6363
56.6709
56.7055
56.7402
56.7748
56.8095
56.8441
56.8787
56.9134
56.948
56.9826
57.0173
57.0519
57.0865
57.1212
57.1558
57.1904
57.2251
57.2597
57.2943
57.3289
57.3636
57.3982
57.4328
57.4674
57.5021
57.5367
57.5713
57.6059
57.6406
57.6752
57.7098
57.7444
57.779
57.8136
57.8482
57.8829
57.9175
57.9521
57.9867
58.0213
58.0559
58.0905
58.1251
58.1597
58.1943
58.229
58.2636
58.2982
58.3328
58.3674
58.402
58.4366
58.4712
58.5058
58.5404
58.575
58.6095
58.6441
58.6787
58.7133
58.7479
58.7825
58.8171
58.8517
58.8863
58.9209
58.9555
58.99
59.0246
59.0592
59.0938
59.1284
59.163
59.1975
59.2321
59.2667
59.3013
59.3359
59.3704
59.405
59.4396
59.4742
59.5087
59.5433
59.5779
59.6125
59.647
59.6816
59.7162
59.7507
59.7853
59.8199
59.8544
59.889
59.9236
59.9581
59.9927
60.0272
60.0618
60.0964
60.1309
60.1655
60.2
60.2346
60.2691
60.3037
60.3382
60.3728
60.4074
60.4419
60.4765
60.511
60.5455
60.5801
60.6146
60.6492
60.6837
60.7183
60.7528
60.7874
60.8219
60.8564
60.891
60.9255
60.96
60.9946
61.0291
61.0637
61.0982
61.1327
61.1672
61.2018
61.2363
61.2708
61.3054
61.3399
61.3744
61.4089
61.4435
61.478
61.5125
61.547
61.5816
61.6161
61.6506
61.6851
61.7196
61.7541
61.7887
61.8232
61.8577
61.8922
61.9267
61.9612
61.9957
62.0302
62.0648
62.0993
62.1338
62.1683
62.2028
62.2373
62.2718
62.3063
62.3408
62.3753
62.4098
62.4443
62.4788
62.5133
62.5478
62.5823
62.6168
62.6513
62.6857
62.7202
62.7547
62.7892
62.8237
62.8582
62.8927
62.9272
62.9617
62.9961
63.0306
63.0651
63.0996
63.1341
63.1685
63.203
63.2375
63.272
63.3064
63.3409
63.3754
63.4099
63.4443
63.4788
63.5133
63.5478
63.5822
63.6167
63.6512
63.6856
63.7201
63.7545
63.789
63.8235
63.8579
63.8924
63.9269
63.9613
63.9958
64.0302
64.0647
64.0991
64.1336
64.168
64.2025
64.2369
64.2714
64.3058
64.3403
64.3747
64.4092
64.4436
64.4781
64.5125
64.547
64.5814
64.6158
64.6503
64.6847
64.7192
64.7536
64.788
64.8225
64.8569
64.8913
64.9258
64.9602
64.9946
65.0291
65.0635
65.0979
65.1323
65.1668
65.2012
65.2356
65.27
65.3045
65.3389
65.3733
65.4077
65.4421
65.4765
65.511
65.5454
65.5798
65.6142
65.6486
65.683
65.7174
65.7518
65.7863
65.8207
65.8551
65.8895
65.9239
65.9583
65.9927
66.0271
66.0615
66.0959
66.1303
66.1647
66.1991
66.2335
66.2679
66.3023
66.3367
66.3711
66.4055
66.4398
66.4742
66.5086
66.543
66.5774
66.6118
66.6462
66.6805
66.7149
66.7493
66.7837
66.8181
66.8524
66.8868
66.9212
66.9556
66.9899
67.0243
67.0587
67.0931
67.1274
67.1618
67.1962
67.2305
67.2649
67.2993
67.3336
67.368
67.4024
67.4367
67.4711
67.5055
67.5398
67.5742
67.6085
67.6429
67.6773
67.7116
67.746
67.7803
67.8147
67.849
67.8834
67.9177
67.9521
67.9864
68.0208
68.0551
68.0894
68.1238
68.1581
68.1925
68.2268
68.2611
68.2955
68.3298
68.3642
68.3985
68.4328
68.4672
68.5015
68.5358
68.5702
68.6045
68.6388
68.6731
68.7075
68.7418
68.7761
68.8104
68.8448
68.8791
68.9134
68.9477
68.982
69.0164
69.0507
69.085
69.1193
69.1536
69.1879
69.2222
69.2566
69.2909
69.3252
69.3595
69.3938
69.4281
69.4624
69.4967
69.531
69.5653
69.5996
69.6339
69.6682
69.7025
69.7368
69.7711
69.8054
69.8397
69.874
69.9083
69.9425
69.9768
70.0111
70.0454
70.0797
70.114
70.1483
70.1825
70.2168
70.2511
70.2854
70.3197
70.3539
70.3882
70.4225
70.4568
70.4911
70.5253
70.5596
70.5939
70.6281
70.6624
70.6967
70.7309
70.7652
70.7995
70.8337
70.868
70.9023
70.9365
70.9708
71.005
71.0393
71.0736
71.1078
71.1421
71.1763
71.2106
71.2448
71.2791
71.3133
71.3476
71.3818
71.4161
71.4503
71.4845
71.5188
71.553
71.5873
71.6215
71.6558
71.69
71.7242
71.7585
71.7927
71.8269
71.8612
71.8954
71.9296
71.9639
71.9981
72.0323
72.0665
72.1008
72.135
72.1692
72.2034
72.2377
72.2719
72.3061
72.3403
72.3745
72.4088
72.443
72.4772
72.5114
72.5456
72.5798
72.614
72.6482
72.6825
72.7167
72.7509
72.7851
72.8193
72.8535
72.8877
72.9219
72.9561
72.9903
73.0245
73.0587
73.0929
73.1271
73.1613
73.1954
73.2296
73.2638
73.298
73.3322
73.3664
73.4006
73.4348
73.4689
73.5031
73.5373
73.5715
73.6057
73.6399
73.674
73.7082
73.7424
73.7766
73.8107
73.8449
73.8791
73.9132
73.9474
73.9816
74.0157
74.0499
74.0841
74.1182
74.1524
74.1866
74.2207
74.2549
74.289
74.3232
74.3574
74.3915
74.4257
74.4598
74.494
74.5281
74.5623
74.5964
74.6306
74.6647
74.6989
74.733
74.7672
74.8013
74.8354
74.8696
74.9037
74.9379
74.972
75.0061
75.0403
75.0744
75.1085
75.1427
75.1768
75.2109
75.245
75.2792
75.3133
75.3474
75.3816
75.4157
75.4498
75.4839
75.518
75.5522
75.5863
75.6204
75.6545
75.6886
75.7227
75.7568
75.791
75.8251
75.8592
75.8933
75.9274
75.9615
75.9956
76.0297
76.0638
76.0979
76.132
76.1661
76.2002
76.2343
76.2684
76.3025
76.3366
76.3707
76.4048
76.4389
76.473
76.507
76.5411
76.5752
76.6093
76.6434
76.6775
76.7115
76.7456
76.7797
76.8138
76.8479
76.8819
76.916
76.9501
76.9842
77.0182
77.0523
77.0864
77.1204
77.1545
77.1886
77.2226
77.2567
77.2908
77.3248
77.3589
77.3929
77.427
77.4611
77.4951
77.5292
77.5632
77.5973
77.6313
77.6654
77.6994
77.7335
77.7675
77.8016
77.8356
77.8697
77.9037
77.9378
77.9718
78.0058
78.0399
78.0739
78.108
78.142
78.176
78.2101
78.2441
78.2781
78.3121
78.3462
78.3802
78.4142
78.4483
78.4823
78.5163
78.5503
78.5843
78.6184
78.6524
78.6864
78.7204
78.7544
78.7884
78.8225
78.8565
78.8905
78.9245
78.9585
78.9925
79.0265
79.0605
79.0945
79.1285
79.1625
79.1965
79.2305
79.2645
79.2985
79.3325
79.3665
79.4005
79.4345
79.4685
79.5025
79.5365
79.5705
79.6044
79.6384
79.6724
79.7064
79.7404
79.7744
79.8083
79.8423
79.8763
79.9103
79.9443
79.9782
80.0122
80.0462
80.0801
80.1141
80.1481
80.1821
80.216
80.25
80.284
80.3179
80.3519
80.3858
80.4198
80.4538
80.4877
80.5217
80.5556
80.5896
80.6235
80.6575
80.6914
80.7254
80.7593
80.7933
80.8272
80.8612
80.8951
80.9291
80.963
80.9969
81.0309
81.0648
81.0988
81.1327
81.1666
81.2006
81.2345
81.2684
81.3024
81.3363
81.3702
81.4041
81.4381
81.472
81.5059
81.5398
81.5737
81.6077
81.6416
81.6755
81.7094
81.7433
81.7772
81.8112
81.8451
81.879
81.9129
81.9468
81.9807
82.0146
82.0485
82.0824
82.1163
82.1502
82.1841
82.218
82.2519
82.2858
82.3197
82.3536
82.3875
82.4214
82.4553
82.4891
82.523
82.5569
82.5908
82.6247
82.6586
82.6925
82.7263
82.7602
82.7941
82.828
82.8619
82.8957
82.9296
82.9635
82.9973
83.0312
83.0651
83.099
83.1328
83.1667
83.2005
83.2344
83.2683
83.3021
83.336
83.3698
83.4037
83.4376
83.4714
83.5053
83.5391
83.573
83.6068
83.6407
83.6745
83.7084
83.7422
83.7761
83.8099
83.8437
83.8776
83.9114
83.9453
83.9791
84.0129
84.0468
84.0806
84.1144
84.1483
84.1821
84.2159
84.2497
84.2836
84.3174
84.3512
84.385
84.4189
84.4527
84.4865
84.5203
84.5541
84.5879
84.6218
84.6556
84.6894
84.7232
84.757
84.7908
84.8246
84.8584
84.8922
84.926
84.9598
84.9936
85.0274
85.0612
85.095
85.1288
85.1626
85.1964
85.2302
85.264
85.2978
85.3316
85.3654
85.3992
85.4329
85.4667
85.5005
85.5343
85.5681
85.6018
85.6356
85.6694
85.7032
85.7369
85.7707
85.8045
85.8383
85.872
85.9058
85.9396
85.9733
86.0071
86.0409
86.0746
86.1084
86.1421
86.1759
86.2097
86.2434
86.2772
86.3109
86.3447
86.3784
86.4122
86.4459
86.4797
86.5134
86.5472
86.5809
86.6146
86.6484
86.6821
86.7159
86.7496
86.7833
86.8171
86.8508
86.8845
86.9183
86.952
86.9857
87.0195
87.0532
87.0869
87.1206
87.1544
87.1881
87.2218
87.2555
87.2892
87.323
87.3567
87.3904
87.4241
87.4578
87.4915
87.5252
87.5589
87.5926
87.6263
87.6601
87.6938
87.7275
87.7612
87.7949
87.8286
87.8623
87.8959
87.9296
87.9633
87.997
88.0307
88.0644
88.0981
88.1318
88.1655
88.1992
88.2328
88.2665
88.3002
88.3339
88.3676
88.4012
88.4349
88.4686
88.5023
88.5359
88.5696
88.6033
88.6369
88.6706
88.7043
88.7379
88.7716
88.8053
88.8389
88.8726
88.9062
88.9399
88.9735
89.0072
89.0409
89.0745
89.1082
89.1418
89.1755
89.2091
89.2427
89.2764
89.31
89.3437
89.3773
89.411
89.4446
89.4782
89.5119
89.5455
89.5791
89.6128
89.6464
89.68
89.7137
89.7473
89.7809
89.8145
89.8482
89.8818
89.9154
89.949
89.9826
90.0162
90.0499
90.0835
90.1171
90.1507
90.1843
90.2179
90.2515
90.2851
90.3187
90.3523
90.3859
90.4195
90.4531
90.4867
90.5203
90.5539
90.5875
90.6211
90.6547
90.6883
90.7219
90.7555
90.7891
90.8227
90.8562
90.8898
90.9234
90.957
90.9906
91.0241
91.0577
91.0913
91.1249
91.1584
91.192
91.2256
91.2592
91.2927
91.3263
91.3599
91.3934
91.427
91.4605
91.4941
91.5277
91.5612
91.5948
91.6283
91.6619
91.6954
91.729
91.7625
91.7961
91.8296
91.8632
91.8967
91.9303
91.9638
91.9973
92.0309
92.0644
92.098
92.1315
92.165
92.1986
92.2321
92.2656
92.2992
92.3327
92.3662
92.3997
92.4333
92.4668
92.5003
92.5338
92.5673
92.6009
92.6344
92.6679
92.7014
92.7349
92.7684
92.8019
92.8354
92.869
92.9025
92.936
92.9695
93.003
93.0365
93.07
93.1035
93.137
93.1705
93.2039
93.2374
93.2709
93.3044
93.3379
93.3714
93.4049
93.4384
93.4719
93.5053
93.5388
93.5723
93.6058
93.6393
93.6727
93.7062
93.7397
93.7732
93.8066
93.8401
93.8736
93.907
93.9405
93.9739
94.0074
94.0409
94.0743
94.1078
94.1412
94.1747
94.2082
94.2416
94.2751
94.3085
94.342
94.3754
94.4089
94.4423
94.4757
94.5092
94.5426
94.5761
94.6095
94.6429
94.6764
94.7098
94.7432
94.7767
94.8101
94.8435
94.877
94.9104
94.9438
94.9772
95.0107
95.0441
95.0775
95.1109
95.1443
95.1778
95.2112
95.2446
95.278
95.3114
95.3448
95.3782
95.4116
95.445
95.4784
95.5118
95.5452
95.5786
95.612
95.6454
95.6788
95.7122
95.7456
95.779
95.8124
95.8458
95.8792
95.9126
95.9459
95.9793
96.0127
96.0461
96.0795
96.1128
96.1462
96.1796
96.213
96.2463
96.2797
96.3131
96.3465
96.3798
96.4132
96.4466
96.4799
96.5133
96.5466
96.58
96.6134
96.6467
96.6801
96.7134
96.7468
96.7801
96.8135
96.8468
96.8802
96.9135
96.9468
96.9801
97.0134
97.0466
97.0799
97.1131
97.1463
97.1795
97.2127
97.2459
97.2791
97.3122
97.3454
97.3785
97.4116
97.4447
97.4778
97.5108
97.5439
97.5769
97.61
97.643
97.676
97.709
97.7419
97.7749
97.8078
97.8408
97.8737
97.9066
97.9395
97.9724
98.0052
98.0381
98.0709
98.1037
98.1365
98.1693
98.2021
98.2349
98.2676
98.3004
98.3331
98.3658
98.3985
98.4312
98.4639
98.4965
98.5292
98.5618
98.5944
98.627
98.6596
98.6922
98.7247
98.7573
98.7898
98.8223
98.8548
98.8873
98.9198
98.9523
98.9847
99.0172
99.0496
99.082
99.1144
99.1468
99.1792
99.2116
99.2439
99.2763
99.3086
99.3409
99.3732
99.4055
99.4377
99.47
99.5022
99.5345
99.5667
99.5989
99.6311
99.6633
99.6954
99.7276
99.7597
99.7919
99.824
99.8561
99.8882
99.9202
99.9523
99.9843
100.016
100.048
100.08
100.112
100.144
100.176
100.208
100.24
100.272
100.304
100.336
100.368
100.4
100.432
100.464
100.495
100.527
100.559
100.591
100.623
100.654
100.686
100.718
100.75
100.781
100.813
100.845
100.877
100.908
100.94
100.972
101.003
101.035
101.066
101.098
101.13
101.161
101.193
101.224
101.256
101.287
101.319
101.35
101.382
101.413
101.445
101.476
101.508
101.539
101.571
101.602
101.633
101.665
101.696
101.727
101.759
101.79
101.821
101.853
101.884
101.915
101.947
101.978
102.009
102.04
102.072
102.103
102.134
102.165
102.196
102.227
102.259
102.29
102.321
102.352
102.383
102.414
102.445
102.476
102.507
102.538
102.569
102.6
102.631
102.662
102.693
102.724
102.755
102.786
102.817
102.848
102.879
102.91
102.941
102.972
103.003
103.033
103.064
103.095
103.126
103.157
103.187
103.218
103.249
103.28
103.31
103.341
103.372
103.403
103.433
103.464
103.495
103.525
103.556
103.587
103.617
103.648
103.678
103.709
103.74
103.77
103.801
103.831
103.862
103.892
103.923
103.953
103.984
104.014
104.045
104.075
104.106
104.136
104.166
104.197
104.227
104.258
104.288
104.318
104.349
104.379
104.409
104.44
104.47
104.5
104.531
104.561
104.591
104.621
104.652
104.682
104.712
104.742
104.772
104.803
104.833
104.863
104.893
104.923
104.953
104.983
105.013
105.044
105.074
105.104
105.134
105.164
105.194
105.224
105.254
105.284
105.314
105.344
105.374
105.404
105.434
105.464
105.493
105.523
105.553
105.583
105.613
105.643
105.673
105.703
105.732
105.762
105.792
105.822
105.852
105.881
105.911
105.941
105.971
106
106.03
106.06
106.09
106.119
106.149
106.179
106.208
106.238
106.267
106.297
106.327
106.356
106.386
106.415
106.445
106.475
106.504
106.534
106.563
106.593
106.622
106.652
106.681
106.711
106.74
106.77
106.799
106.828
106.858
106.887
106.917
106.946
106.975
107.005
107.034
107.063
107.093
107.122
107.151
107.181
107.21
107.239
107.269
107.298
107.327
107.356
107.385
107.415
107.444
107.473
107.502
107.531
107.561
107.59
107.619
107.648
107.677
107.706
107.735
107.764
107.794
107.823
107.852
107.881
107.91
107.939
107.968
107.997
108.026
108.055
108.084
108.113
108.142
108.171
108.2
108.228
108.257
108.286
108.315
108.344
108.373
108.402
108.431
108.459
108.488
108.517
108.546
108.575
108.604
108.632
108.661
108.69
108.719
108.747
108.776
108.805
108.833
108.862
108.891
108.92
108.948
108.977
109.005
109.034
109.063
109.091
109.12
109.149
109.177
109.206
109.234
109.263
109.291
109.32
109.348
109.377
109.405
109.434
109.462
109.491
109.519
109.548
109.576
109.605
109.633
109.662
109.69
109.718
109.747
109.775
109.803
109.832
109.86
109.889
109.917
109.945
109.973
110.002
110.03
110.058
110.087
110.115
110.143
110.171
110.2
110.228
110.256
110.284
110.312
110.341
110.369
110.397
110.425
110.453
110.481
110.509
110.538
110.566
110.594
110.622
110.65
110.678
110.706
110.734
110.762
110.79
110.818
110.846
110.874
110.902
110.93
110.958
110.986
111.014
111.042
111.07
111.098
111.126
111.154
111.181
111.209
111.237
111.265
111.293
111.321
111.349
111.376
111.404
111.432
111.46
111.488
111.515
111.543
111.571
111.599
111.626
111.654
111.682
111.709
111.737
111.765
111.793
111.82
111.848
111.876
111.903
111.931
111.958
111.986
112.014
112.041
112.069
112.096
112.124
112.152
112.179
112.207
112.234
112.262
112.289
112.317
112.344
112.372
112.399
112.427
112.454
112.481
112.509
112.536
112.564
112.591
112.619
112.646
112.673
112.701
112.728
112.755
112.783
112.81
112.837
112.865
112.892
112.919
112.947
112.974
113.001
113.028
113.056
113.083
113.11
113.137
113.165
113.192
113.219
113.246
113.273
113.301
113.328
113.355
113.382
113.409
113.436
113.463
113.491
113.518
113.545
113.572
113.599
113.626
113.653
113.68
113.707
113.734
113.761
113.788
113.815
113.842
113.869
113.896
113.923
113.95
113.977
114.004
114.031
114.058
114.085
114.112
114.138
114.165
114.192
114.219
114.246
114.273
114.3
114.326
114.353
114.38
114.407
114.434
114.46
114.487
114.514
114.541
114.568
114.594
114.621
114.648
114.674
114.701
114.728
114.755
114.781
114.808
114.835
114.861
114.888
114.914
114.941
114.968
114.994
115.021
115.048
115.074
115.101
115.127
115.154
115.18
115.207
115.233
115.26
115.286
115.313
115.339
115.366
115.392
115.419
115.445
115.472
115.498
115.525
115.551
115.578
115.604
115.63
115.657
115.683
115.71
115.736
115.762
115.789
115.815
115.841
115.868
115.894
115.92
115.947
115.973
115.999
116.025
116.052
116.078
116.104
116.13
116.157
116.183
116.209
116.235
116.262
116.288
116.314
116.34
116.366
116.392
116.419
116.445
116.471
116.497
116.523
116.549
116.575
116.601
116.627
116.654
116.68
116.706
116.732
116.758
116.784
116.81
116.836
116.862
116.888
116.914
116.94
116.966
116.992
117.018
117.044
117.07
117.096
117.121
117.147
117.173
117.199
117.225
117.251
117.277
117.303
117.329
117.354
117.38
117.406
117.432
117.458
117.484
117.509
117.535
117.561
117.587
117.612
117.638
117.664
117.69
117.715
117.741
117.767
117.793
117.818
117.844
117.87
117.895
117.921
117.947
117.972
117.998
118.024
118.049
118.075
118.101
118.126
118.152
118.177
118.203
118.229
118.254
118.28
118.305
118.331
118.356
118.382
118.407
118.433
118.458
118.484
118.509
118.535
118.56
118.586
118.611
118.637
118.662
118.688
118.713
118.738
118.764
118.789
118.815
118.84
118.865
118.891
118.916
118.941
118.967
118.992
119.017
119.043
119.068
119.093
119.119
119.144
119.169
119.194
119.22
119.245
119.27
119.295
119.321
119.346
119.371
119.396
119.422
119.447
119.472
119.497
119.522
119.547
119.573
119.598
119.623
119.648
119.673
119.698
119.723
119.748
119.774
119.799
119.824
119.849
119.874
119.899
119.924
119.949
119.974
119.999
120.024
120.049
120.074
120.099
120.124
120.149
120.174
120.199
120.224
120.249
120.274
120.299
120.324
120.349
120.374
120.398
120.423
120.448
120.473
120.498
120.523
120.548
120.572
120.597
120.622
120.647
120.672
120.697
120.721
120.746
120.771
120.796
120.821
120.845
120.87
120.895
120.92
120.944
120.969
120.994
121.018
121.043
121.068
121.093
121.117
121.142
121.167
121.191
121.216
121.241
121.265
121.29
121.314
121.339
121.364
121.388
121.413
121.437
121.462
121.487
121.511
121.536
121.56
121.585
121.609
121.634
121.658
121.683
121.707
121.732
121.756
121.781
121.805
121.83
121.854
121.879
121.903
121.928
121.952
121.976
122.001
122.025
122.05
122.074
122.098
122.123
122.147
122.171
122.196
122.22
122.245
122.269
122.293
122.318
122.342
122.366
122.39
122.415
122.439
122.463
122.488
122.512
122.536
122.56
122.585
122.609
122.633
122.657
122.681
122.706
122.73
122.754
122.778
122.802
122.827
122.851
122.875
122.899
122.923
122.947
122.971
122.996
123.02
123.044
123.068
123.092
123.116
123.14
123.164
123.188
123.212
123.236
123.26
123.284
123.308
123.332
123.356
123.38
123.404
123.428
123.452
123.476
123.5
123.524
123.548
123.572
123.596
123.62
123.644
123.668
123.692
123.716
123.74
123.763
123.787
123.811
123.835
123.859
123.883
123.907
123.93
123.954
123.978
124.002
124.026
124.05
124.073
124.097
124.121
124.145
124.168
124.192
124.216
124.24
124.263
124.287
124.311
124.335
124.358
124.382
124.406
124.429
124.453
124.477
124.5
124.524
124.548
124.571
124.595
124.619
124.642
124.666
124.69
124.713
124.737
124.76
124.784
124.808
124.831
124.855
124.878
124.902
124.925
124.949
124.972
124.996
125.02
125.043
125.067
125.09
125.114
125.137
125.161
125.184
125.207
125.231
125.254
125.278
125.301
125.325
125.348
125.372
125.395
125.418
125.442
125.465
125.489
125.512
125.535
125.559
125.582
125.605
125.629
125.652
125.675
125.699
125.722
125.745
125.769
125.792
125.815
125.838
125.862
125.885
125.908
125.932
125.955
125.978
126.001
126.024
126.048
126.071
126.094
126.117
126.14
126.164
126.187
126.21
126.233
126.256
126.279
126.303
126.326
126.349
126.372
126.395
126.418
126.441
126.464
126.488
126.511
126.534
126.557
126.58
126.603
126.626
126.649
126.672
126.695
126.718
126.741
126.764
126.787
126.81
126.833
126.856
126.879
126.902
126.925
126.948
126.971
126.994
127.017
127.04
127.063
127.086
127.109
127.132
127.154
127.177
127.2
127.223
127.246
127.269
127.292
127.315
127.337
127.36
127.383
127.406
127.429
127.452
127.474
127.497
127.52
127.543
127.566
127.588
127.611
127.634
127.657
127.679
127.702
127.725
127.748
127.77
127.793
127.816
127.838
127.861
127.884
127.907
127.929
127.952
127.975
127.997
128.02
128.043
128.065
128.088
128.11
128.133
128.156
128.178
128.201
128.224
128.246
128.269
128.291
128.314
128.336
128.359
128.382
128.404
128.427
128.449
128.472
128.494
128.517
128.539
128.562
128.584
128.607
128.629
128.652
128.674
128.697
3.96689
